0.005 1.26 552
0.011 1.29 552
0.016 1.09 552
0.016 1.04 552
0.021 0.94 552
0.021 0.89 552
0.028 1.05 552
0.034 1.11 552
0.039 1.24 552
0.043 1.16 552
0.049 1.21 552
0.055 1.10 552
0.060 0.91 552
0.066 1.13 552
0.072 1.14 552
0.075 1.25 552
0.075 1.27 552
0.075 1.29 552
0.077 0.99 552
0.078 0.93 552
0.083 0.95 552
0.089 1.11 552
0.089 1.38 552
0.093 1.30 552
0.095 1.37 552
0.098 1.28 552
0.100 1.25 552
0.104 1.31 552
0.110 1.36 552
0.116 1.23 552
0.120 1.11 552
0.124 0.89 552
0.130 0.61 552
0.130 0.93 552
0.134 0.78 552
0.134 0.92 552
0.134 0.55 552
0.139 0.78 552
0.139 0.67 552
0.144 0.81 552
0.144 0.72 552
0.149 0.30 552
0.153 0.75 552
0.158 0.96 552
0.163 0.94 552
0.163 0.80 552
0.167 0.82 552
0.172 1.06 552
0.176 1.23 552
0.181 1.29 552
0.186 1.19 552
0.191 1.10 552
0.195 1.08 552
0.200 0.99 552
0.205 0.97 552
0.223 1.01 552
0.228 1.08 552
0.234 1.00 552
0.239 0.80 552
0.245 1.29 552
0.251 1.10 552
0.255 1.13 552
0.262 0.95 552
0.268 1.22 552
0.273 1.17 552
0.278 0.98 552
0.285 1.14 552
0.285 0.82 552
0.285 0.86 552
0.290 0.99 552
0.290 0.99 552
0.297 0.82 552
0.300 1.18 552
0.303 1.41 552
0.307 1.30 552
0.310 1.11 552
0.314 1.39 552
0.317 1.19 552
0.321 1.37 552
0.323 1.28 552
0.328 1.18 552
0.331 0.99 552
0.335 0.63 552
0.338 0.88 552
0.338 0.71 552
0.342 0.41 552
0.345 1.00 552
0.356 0.81 552
0.356 1.12 552
0.360 0.83 552
0.360 0.77 552
0.366 0.68 552
0.372 0.76 552
0.376 0.74 552
0.382 0.60 552
0.387 1.02 552
0.393 1.00 552
0.398 1.01 552
0.403 0.92 552
0.409 0.97 552
0.409 1.01 552
0.414 1.09 552
0.414 1.01 552
0.430 1.24 552
0.439 1.56 552
0.451 1.05 552
0.464 1.64 552
0.478 1.67 552
0.488 1.74 552
0.495 1.42 552
0.507 1.12 552
0.521 1.44 552
0.535 0.96 552
0.550 1.40 552
0.557 1.49 552
0.557 1.39 552
0.571 0.23 552
0.585 1.19 552
0.589 1.35 552
0.593 1.07 552
0.596 0.83 552
0.600 0.95 552
0.604 1.26 552
0.608 1.12 552
0.611 1.21 552
0.615 1.01 552
0.619 1.01 552
0.623 0.77 552
0.626 0.27 552
0.630 1.06 552
0.634 1.00 552
0.637 0.72 552
0.641 0.77 552
0.644 0.94 552
0.648 0.98 552
0.651 1.17 552
0.655 0.23 552
0.655 1.02 552
0.655 0.91 552
0.658 0.59 552
0.658 0.49 552
0.662 0.45 552
0.662 0.67 552
0.665 0.76 552
0.669 0.79 552
0.673 0.52 552
0.677 0.87 552
0.681 0.85 552
0.685 0.92 552
0.689 1.38 552
0.693 1.29 552
0.696 1.22 552
0.700 0.93 552
0.704 0.69 552
0.708 0.75 552
0.712 1.14 552
0.716 1.10 552
0.720 1.20 552
0.724 1.08 552
0.729 1.17 552
0.733 1.09 552
0.737 0.97 552
0.742 0.42 552
0.748 0.23 552
0.753 0.99 552
0.760 1.11 552
0.765 0.76 552
0.771 1.10 552
0.776 0.14 552
0.781 0.27 552
0.798 0.82 552
0.803 0.69 552
0.810 1.27 552
0.818 1.14 552
0.818 1.20 552
0.824 1.11 552
0.831 1.01 552
0.831 1.12 552
0.837 0.90 552
0.844 0.60 552
0.850 0.81 552
0.857 0.80 552
0.864 0.12 552
0.870 0.23 552
0.876 -0.05 552
0.876 0.02 552
0.880 -0.07 552
0.880 0.45 552
0.883 -0.10 552
0.886 0.19 552
0.886 0.53 552
0.892 -0.22 552
0.895 0.80 552
0.899 0.89 552
0.902 0.73 552
0.905 0.67 552
0.908 0.09 552
0.911 0.36 552
0.918 0.34 552
0.918 0.66 552
0.927 0.88 552
0.936 1.02 552
0.945 0.99 552
0.955 0.83 552
0.955 0.97 552
0.968 0.88 552
0.972 1.03 552
0.972 0.59 552
0.972 1.09 552
0.976 0.84 552
0.976 0.59 552
0.976 1.01 552
0.980 1.11 552
0.984 0.77 552
0.984 0.84 552
0.989 1.22 552
0.994 1.26 552
0.999 1.17 552
1.007 1.11 552
1.012 1.10 552
1.012 1.17 552
1.016 1.08 552
1.016 1.13 552
1.019 1.10 552
1.019 0.96 552
1.022 1.08 552
1.026 1.05 552
1.030 1.21 552
1.030 1.33 552
1.035 1.05 552
1.038 0.98 552
1.044 0.84 552
1.050 0.73 552
1.056 1.16 552
1.056 1.19 552
1.061 1.31 552
1.067 1.17 552
1.067 1.04 552
1.071 1.20 552
1.071 1.02 552
1.078 1.13 552
1.078 0.82 552
1.086 1.19 552
1.086 0.83 552
1.091 0.69 552
1.098 0.97 552
1.098 0.92 552
1.106 0.99 552
1.114 1.06 552
1.120 0.74 552
1.135 0.81 552
1.141 0.80 552
1.148 0.86 552
1.156 0.99 552
1.162 0.76 552
1.163 1.29 552
1.169 0.73 552
1.170 1.03 552
1.177 1.12 552
1.184 1.09 552
1.191 0.98 552
1.197 1.12 552
1.204 0.99 552
1.212 0.87 552
1.215 1.12 552
1.218 0.93 552
1.221 0.81 552
1.222 1.14 552
1.230 1.20 552
1.237 0.89 552
1.244 1.02 552
1.255 0.23 607
1.255 0.67 607
1.256 0.30 607
1.257 1.07 552
1.261 0.86 552
1.262 0.84 607
1.262 0.81 607
1.265 0.58 607
1.265 0.89 607
1.267 1.07 552
1.268 1.16 607
1.272 1.14 607
1.274 1.22 552
1.280 1.23 552
1.286 0.97 552
1.290 0.70 552
1.292 0.83 607
1.295 0.88 607
1.295 0.90 552
1.299 0.84 552
1.300 0.99 607
1.304 0.76 552
1.305 1.10 607
1.308 0.51 607
1.308 0.90 552
1.311 0.42 607
1.313 1.13 552
1.314 1.15 607
1.318 1.01 552
1.321 0.93 552
1.321 1.10 607
1.325 0.23 607
1.325 0.28 607
1.329 0.27 607
1.330 0.44 607
1.334 0.82 607
1.334 1.06 607
1.337 1.00 607
1.347 1.13 607
1.355 0.99 607
1.360 1.02 607
1.364 0.98 607
1.368 0.87 607
1.377 1.10 607
1.381 1.00 607
1.385 0.93 607
1.390 1.02 607
1.394 1.11 607
1.394 1.10 607
1.398 1.14 607
1.398 1.15 607
1.398 1.09 607
1.404 1.05 607
1.409 1.04 607
1.424 0.42 607
1.428 0.61 607
1.435 1.09 607
1.440 1.06 607
1.443 1.03 607
1.447 0.46 607
1.455 -0.07 607
1.458 0.01 607
1.458 -0.08 607
1.460 0.24 607
1.460 -0.04 607
1.464 0.00 607
1.466 0.10 607
1.470 0.44 607
1.478 0.98 607
1.485 0.89 607
1.493 1.15 607
1.497 0.77 607
1.503 0.57 607
1.505 0.53 607
1.509 0.56 607
1.512 0.29 607
1.515 0.60 607
1.516 0.96 607
1.518 1.01 607
1.521 1.22 607
1.524 1.05 607
1.527 1.17 607
1.529 0.94 607
1.549 0.76 607
1.551 0.88 607
1.556 1.13 607
1.556 1.16 607
1.558 0.96 607
1.559 1.04 607
1.562 0.95 607
1.564 1.20 607
1.564 1.10 607
1.566 1.12 607
1.568 0.71 607
1.568 0.91 607
1.570 1.12 552
1.571 1.09 607
1.571 0.92 607
1.572 0.96 607
1.575 1.25 552
1.575 0.92 607
1.578 0.82 607
1.582 0.76 607
1.585 0.86 607
1.589 1.07 607
1.590 1.19 552
1.593 1.11 607
1.598 1.31 552
1.600 0.97 607
1.602 1.22 607
1.608 1.30 607
1.610 1.31 552
1.613 1.19 607
1.617 1.33 552
1.617 1.12 607
1.619 1.24 607
1.623 1.04 607
1.626 1.20 607
1.626 1.03 607
1.629 1.02 607
1.631 1.26 552
1.632 0.92 607
1.633 1.29 607
1.633 1.21 607
1.640 1.14 607
1.640 1.17 607
1.643 1.22 552
1.644 1.30 607
1.648 1.32 607
1.648 1.23 607
1.656 1.09 552
1.656 0.76 552
1.661 1.28 552
1.668 1.26 552
1.676 1.20 552
1.681 1.00 552
1.688 0.77 552
1.695 0.97 552
1.701 0.44 552
1.707 0.63 552
1.712 0.54 552
1.718 0.94 552
1.724 0.63 552
1.730 0.64 552
1.730 0.52 552
1.740 0.33 552
1.747 0.74 552
1.752 0.58 552
1.757 0.35 552
1.761 1.08 552
1.765 1.03 552
1.765 0.79 552
1.770 0.35 552
1.773 0.87 552
1.774 0.96 552
1.778 0.47 552
1.778 0.95 552
1.782 0.70 552
1.791 0.50 552
1.791 0.93 552
1.800 0.80 552
1.808 1.10 552
1.818 1.08 552
1.828 0.63 552
1.837 0.26 552
1.844 0.66 552
1.854 0.88 552
1.862 1.00 552
1.871 1.18 552
1.880 1.19 552
1.890 1.12 552
1.897 1.13 552
1.907 1.21 552
1.916 1.13 552
1.927 0.79 552
1.932 0.89 552
1.937 1.09 552
1.943 1.12 552
1.948 0.85 552
1.953 1.08 552
1.958 1.04 552
1.964 1.29 552
1.969 1.24 552
1.975 0.97 552
1.980 0.88 552
1.980 0.83 552
1.985 1.06 552
1.990 0.84 552
1.996 1.20 552
2.001 0.96 552
2.006 1.27 552
2.010 1.49 552
2.010 1.53 552
2.016 1.31 552
2.021 1.14 552
2.027 0.78 552
2.032 1.29 552
2.032 1.36 552
2.036 1.19 552
2.048 1.10 552
2.053 1.32 552
2.058 1.27 552
2.063 1.34 552
2.064 1.16 552
2.074 1.10 552
2.077 1.02 552
2.084 0.96 552
2.092 0.58 552
2.099 0.51 552
2.106 0.60 552
2.113 0.88 552
2.113 0.08 552
2.113 1.08 552
2.120 0.44 552
2.126 1.00 552
2.134 0.82 552
2.134 0.80 552
2.140 0.11 552
2.148 0.98 552
2.154 0.78 552
2.162 0.67 552
2.176 0.78 552
2.184 1.17 552
2.192 1.10 552
2.198 0.98 552
2.198 0.80 552
2.203 0.83 552
2.206 1.04 552
2.209 0.92 552
2.212 0.72 552
2.223 0.68 552
2.227 1.04 552
2.230 0.78 552
2.232 1.28 552
2.236 0.86 552
2.239 0.94 552
2.243 1.22 552
2.248 1.17 552
2.253 0.91 552
2.259 0.96 552
2.263 0.68 552
2.268 1.03 552
2.272 0.84 552
2.279 0.75 552
2.282 0.77 552
2.288 0.98 552
2.298 0.90 552
2.308 0.96 552
2.313 0.60 552
2.321 0.33 552
2.329 0.89 552
2.338 0.59 552
2.355 0.54 552
2.360 0.67 552
2.369 0.48 552
2.375 0.45 552
2.375 0.60 552
2.383 0.81 552
2.391 1.13 552
2.400 1.02 552
2.417 0.94 552
2.422 1.07 552
2.430 0.73 552
2.437 0.71 552
2.445 0.47 552
2.453 0.50 552
2.456 0.54 552
2.459 0.57 552
2.461 0.61 552
2.464 0.45 552
2.468 0.81 552
2.470 0.95 552
2.472 0.76 552
2.475 0.68 552
2.478 0.64 552
2.481 0.57 552
2.483 0.24 552
2.486 0.65 552
2.492 0.77 552
2.496 0.66 552
2.501 0.57 552
2.506 0.49 552
2.509 0.61 552
2.515 0.79 552
2.519 0.55 552
2.525 0.74 552
2.529 0.64 552
2.533 0.66 552
2.537 0.27 552
2.541 0.40 552
2.541 0.67 552
2.545 1.05 552
2.549 0.98 552
2.553 1.01 552
2.557 0.97 552
2.561 1.21 552
2.565 1.13 552
2.569 1.15 552
2.573 1.22 552
2.577 1.29 552
2.581 1.27 552
2.589 1.10 552
2.598 1.05 552
2.606 0.73 552
2.617 1.23 552
2.628 1.15 552
2.639 1.05 552
2.639 0.93 552
2.639 0.80 552
2.650 1.08 552
2.660 1.06 552
2.671 1.03 552
2.682 1.04 552
2.693 0.90 552
2.704 1.23 552
2.715 1.17 552
2.727 1.14 552
2.738 1.21 552
2.749 1.14 552
2.760 1.24 552
2.771 1.17 552
2.782 0.93 552
2.794 1.35 552
2.805 1.12 552
2.810 0.89 552
2.816 1.15 552
2.822 1.24 552
2.828 1.12 552
2.832 1.04 552
2.835 0.64 552
2.847 0.98 552
2.852 1.12 552
2.860 1.28 552
2.864 1.01 552
2.872 0.92 552
2.876 0.99 552
2.876 0.86 552
2.876 0.51 552
2.876 0.83 552
2.876 0.56 552
2.888 0.70 552
2.900 1.10 552
2.912 0.87 552
2.924 1.17 552
2.936 1.12 552
2.948 0.97 552
2.961 1.08 552
2.974 1.04 552
2.987 0.96 552
2.987 0.82 552
3.000 0.88 552
3.013 0.69 552
3.026 1.04 552
3.038 0.84 552
3.051 0.71 552
3.064 0.92 552
3.077 1.07 552
3.090 0.97 552
3.103 1.15 552
3.116 1.02 552
3.118 0.83 552
3.120 1.05 552
3.122 0.93 552
3.124 0.97 552
3.126 0.97 552
3.128 1.13 552
3.130 0.88 552
3.131 0.94 552
3.133 0.83 552
3.135 1.02 552
3.135 1.37 552
3.137 1.13 552
3.139 1.08 552
3.140 0.96 552
3.141 0.84 552
3.143 1.08 552
3.152 1.22 552
3.152 0.77 607
3.159 0.81 607
3.160 0.99 552
3.162 0.72 607
3.166 0.87 607
3.169 0.89 552
3.174 0.96 607
3.177 0.87 607
3.181 1.00 607
3.185 0.67 607
3.186 1.05 552
3.188 1.05 607
3.189 1.08 607
3.191 1.06 607
3.192 1.00 607
3.195 1.01 607
3.195 1.14 552
3.196 1.01 607
3.198 1.07 607
3.200 1.01 607
3.204 1.29 552
3.212 1.07 552
3.221 1.02 552
3.230 1.30 552
3.239 0.94 552
3.247 0.92 552
3.265 1.02 552
3.273 0.63 552
3.281 1.02 925
3.285 0.75 925
3.290 1.19 925
3.298 0.41 925
3.299 0.67 552
3.301 0.67 925
3.304 0.81 925
3.307 0.47 925
3.308 0.70 552
3.308 0.50 552
3.310 0.62 925
3.311 0.52 552
3.313 0.74 925
3.314 0.59 552
3.317 1.07 552
3.319 0.62 925
3.320 0.60 552
3.321 1.03 925
3.323 0.78 552
3.323 0.94 552
3.324 0.98 925
3.326 0.96 552
3.326 0.92 925
3.329 0.96 925
3.329 0.78 552
3.331 1.00 925
3.332 0.67 552
3.334 0.99 925
3.335 1.15 552
3.339 1.06 925
3.341 0.76 552
3.342 1.07 925
3.344 0.87 552
3.344 0.64 552
3.344 0.96 925
3.347 0.38 925
3.349 0.77 925
3.350 0.74 552
3.352 0.85 925
3.355 1.08 925
3.355 0.80 552
3.358 0.90 925
3.361 0.70 552
3.361 1.05 925
3.365 0.96 925
3.367 0.90 552
3.369 0.59 925
3.372 0.78 925
3.372 0.86 552
3.378 0.77 552
3.383 0.68 925
3.384 0.62 552
3.387 0.13 925
3.389 0.45 552
3.390 1.05 925
3.394 0.98 925
3.395 0.78 552
3.398 0.90 925
3.401 0.35 552
3.401 0.73 552
3.401 0.93 925
3.405 0.94 925
3.406 0.92 552
3.409 0.88 925
3.412 0.66 552
3.412 0.93 925
3.416 0.79 925
3.418 0.61 552
3.420 0.80 925
3.423 0.73 925
3.423 0.62 552
3.427 0.74 925
3.429 0.73 552
3.431 0.39 925
3.434 0.90 925
3.435 0.95 552
3.438 0.75 925
3.440 0.70 552
3.440 0.89 552
3.440 1.00 552
3.441 0.92 925
3.445 1.04 925
3.446 1.13 552
3.452 0.98 925
3.457 1.19 552
3.462 0.99 925
3.463 1.18 552
3.466 0.90 925
3.469 1.08 552
3.470 0.66 925
3.473 0.59 925
3.474 1.09 552
3.476 1.11 925
3.480 1.08 925
3.480 1.20 552
3.483 1.14 925
3.486 1.13 552
3.487 0.92 925
3.490 1.15 925
3.491 1.04 552
3.497 1.14 925
3.497 1.21 552
3.500 0.92 925
3.503 0.79 552
3.503 0.92 925
3.507 1.14 925
3.508 1.10 552
3.510 1.04 925
3.514 0.98 925
3.514 0.96 552
3.514 0.88 552
3.514 0.85 552
3.517 0.56 925
3.520 0.98 552
3.520 0.77 925
3.525 1.10 552
3.527 0.99 925
3.530 0.80 925
3.531 1.10 552
3.537 1.03 552
3.542 1.11 552
3.544 0.58 925
3.547 1.10 925
3.548 0.54 552
3.548 1.02 552
3.550 1.00 925
3.551 1.17 925
3.553 0.74 925
3.555 0.99 552
3.556 1.00 925
3.557 1.22 925
3.562 1.20 552
3.563 0.66 925
3.568 0.95 925
3.569 1.11 552
3.574 0.94 925
3.575 1.08 925
3.575 1.11 552
3.578 1.11 925
3.582 0.48 925
3.585 0.83 925
3.589 1.04 925
3.589 1.05 552
3.596 0.91 925
3.596 0.90 552
3.598 0.96 925
3.599 1.12 552
3.599 1.17 925
3.602 1.19 552
3.602 1.03 925
3.603 0.92 925
3.604 1.33 552
3.605 0.88 925
3.606 1.17 925
3.607 0.85 552
3.610 1.01 552
3.613 1.13 552
3.613 1.27 552
3.614 1.12 925
3.616 1.16 552
3.617 1.09 925
3.618 1.19 552
3.621 1.05 925
3.621 1.02 552
3.624 1.16 552
3.624 1.00 925
3.627 1.19 552
3.629 1.10 552
3.632 1.08 925
3.632 1.06 552
3.632 0.98 552
3.635 0.98 552
3.640 1.22 925
3.641 0.87 552
3.643 1.16 925
3.648 1.05 552
3.651 1.10 925
3.654 1.23 552
3.655 1.11 925
3.661 1.46 552
3.662 1.11 925
3.667 1.16 552
3.674 0.67 925
3.677 0.85 925
3.680 0.95 925
3.680 1.19 552
3.683 1.14 925
3.684 1.14 552
3.686 1.10 925
3.688 0.94 552
3.688 0.94 925
3.691 1.09 552
3.691 0.95 925
3.694 0.83 925
3.697 1.13 925
3.700 0.86 925
3.703 0.90 925
3.706 0.39 925
3.708 0.60 925
3.711 0.90 925
3.714 0.70 925
3.716 0.77 925
3.720 0.77 925
3.723 0.90 925
3.727 0.82 925
3.737 1.08 925
3.740 1.19 925
3.744 1.05 925
3.747 0.86 925
3.754 0.83 925
3.758 1.00 925
3.761 1.08 925
3.765 1.09 925
3.768 1.15 925
3.772 0.92 925
3.775 1.13 925
3.782 1.06 925
3.786 1.10 925
3.789 1.37 925
3.793 0.91 925
3.796 1.07 925
3.800 1.04 925
3.803 0.88 925
3.807 1.11 925
3.810 1.02 925
3.813 1.03 925
3.816 0.79 925
3.819 0.91 925
3.822 0.61 925
3.825 0.62 925
3.827 0.56 925
3.830 0.56 925
3.833 0.42 925
3.839 0.74 925
3.842 0.82 925
3.848 1.10 925
3.854 1.23 925
3.861 0.83 925
3.864 0.87 925
3.868 0.79 925
3.871 0.99 925
3.874 1.03 925
3.878 0.66 925
3.881 1.11 925
3.888 1.09 925
3.891 0.87 925
3.895 1.18 925
3.898 0.92 925
3.901 1.06 925
3.905 1.06 925
3.912 0.98 925
3.915 0.99 925
3.918 0.60 925
3.922 0.59 925
3.925 0.42 925
3.928 0.55 925
3.930 1.19 925
3.933 1.06 925
3.936 0.76 925
3.941 0.85 925
3.944 0.88 925
3.946 0.77 925
3.948 0.62 925
3.951 0.58 925
3.954 0.73 925
3.957 0.93 925
3.962 1.15 925
3.965 1.11 925
3.968 1.11 925
3.972 1.05 925
3.975 1.03 925
3.979 0.98 925
3.982 0.87 925
3.986 1.18 925
3.989 0.97 925
3.992 1.07 925
4.003 1.14 925
4.006 1.19 925
4.010 1.10 925
4.013 1.09 925
4.017 1.12 925
4.024 1.03 925
4.027 0.86 925
4.031 0.94 925
4.034 0.70 925
4.038 1.05 925
4.043 0.56 925
4.046 0.91 925
4.049 0.81 925
4.052 0.81 925
4.055 1.02 925
4.058 1.01 925
4.064 1.02 925
4.068 0.94 925
4.071 1.03 925
4.080 1.00 925
4.083 1.03 925
4.086 0.84 925
4.089 0.63 925
4.093 0.86 925
4.096 0.94 925
4.099 0.83 925
4.103 0.93 925
4.106 0.95 925
4.109 0.71 925
4.113 1.18 925
4.116 1.03 925
4.127 0.94 925
4.130 1.08 925
4.137 0.97 925
4.140 0.64 925
4.144 1.25 925
4.147 0.98 925
4.150 0.83 925
4.154 1.01 925
4.157 0.98 925
4.161 1.00 925
4.163 0.61 925
4.166 0.99 925
4.169 1.02 925
4.174 1.04 925
4.177 1.17 925
4.179 1.00 925
4.182 0.92 925
4.185 0.88 925
4.187 0.94 925
4.190 0.86 925
4.195 1.17 925
4.203 0.60 925
4.206 0.56 925
4.211 0.60 925
4.214 0.52 925
4.216 0.33 925
4.219 0.75 925
4.222 0.51 925
4.224 0.53 925
4.227 0.62 925
4.230 0.56 925
4.233 0.71 925
4.237 0.57 925
4.241 0.78 925
4.249 0.97 925
4.256 0.86 925
4.260 0.89 925
4.268 0.63 925
4.272 0.94 925
4.283 0.98 925
4.287 0.61 925
4.295 0.95 925
4.299 0.97 925
4.305 0.96 925
4.308 0.67 925
4.310 0.51 925
4.312 0.86 925
4.315 0.78 925
4.317 0.83 925
4.321 0.58 925
4.330 0.51 925
4.334 0.86 925
4.337 0.96 925
4.344 0.95 925
4.347 1.00 925
4.350 0.91 925
4.354 0.95 925
4.357 0.79 925
4.361 0.89 925
4.364 0.67 925
4.369 0.61 925
4.375 0.55 925
4.382 1.00 925
4.389 1.06 925
4.395 1.01 925
4.402 1.02 925
4.409 1.14 925
4.415 0.81 925
4.422 1.24 925
4.428 1.04 925
4.435 1.09 925
4.442 1.17 925
4.448 0.86 925
4.455 0.99 925
4.460 1.14 925
4.464 1.10 925
4.469 1.11 925
4.473 1.05 925
4.478 1.05 925
4.483 1.16 925
4.487 1.00 925
4.498 0.94 925
4.502 0.95 925
4.506 1.05 925
4.510 1.17 925
4.514 1.15 925
4.522 1.08 925
4.526 1.12 925
4.530 1.04 925
4.538 1.20 925
4.542 1.30 925
4.550 1.12 925
4.554 1.27 925
4.558 1.06 925
4.562 0.99 925
4.573 0.77 925
4.576 1.01 925
4.579 1.08 925
4.582 1.32 925
4.589 1.21 925
4.592 0.95 925
4.595 1.23 925
4.601 0.85 925
4.611 1.10 925
4.615 0.82 925
4.619 1.06 925
4.632 0.93 925
4.633 1.03 925
4.636 0.99 925
4.637 0.80 925
4.640 0.70 925
4.640 0.84 925
4.644 0.89 925
4.648 0.90 925
4.648 0.78 925
4.652 0.99 925
4.652 0.76 925
4.655 0.68 925
4.656 0.60 925
4.658 0.83 925
4.659 0.66 925
4.663 0.80 925
4.665 0.55 925
4.667 0.74 925
4.668 0.97 925
4.672 0.66 925
4.672 0.91 925
4.676 0.94 925
4.679 0.73 925
4.680 0.75 925
4.684 0.80 925
4.687 1.14 925
4.687 0.89 925
4.691 0.81 925
4.695 0.86 925
4.698 0.77 925
4.706 0.81 925
4.714 0.89 925
4.718 0.94 925
4.720 0.79 925
4.728 0.87 925
4.731 0.97 925
4.735 0.90 925
4.738 1.01 925
4.745 1.18 925
4.749 1.00 925
4.753 1.03 925
4.756 0.95 925
4.760 0.75 925
4.763 0.65 925
4.767 0.60 925
4.770 0.63 925
4.774 0.65 925
4.777 0.89 925
4.780 0.96 925
4.783 1.05 925
4.786 0.89 925
4.789 0.95 925
4.792 0.79 925
4.795 0.76 925
4.798 0.96 925
4.801 0.60 925
4.807 0.89 925
4.810 1.03 925
4.813 0.99 925
4.819 0.93 925
4.822 0.92 925
4.825 0.71 925
4.829 0.76 925
4.832 0.77 925
4.835 0.63 925
4.848 0.57 925
4.859 0.73 925
4.862 0.83 925
4.865 0.99 925
4.868 1.06 925
4.870 0.97 925
4.873 0.85 925
4.876 0.99 925
4.879 0.92 925
4.887 0.69 925
4.890 1.09 925
4.893 0.57 925
4.895 0.62 925
4.898 0.65 925
4.902 0.69 925
4.905 0.88 925
4.913 0.78 925
4.916 0.78 925
4.920 0.88 925
4.924 0.72 925
4.927 0.94 925
4.930 0.75 925
4.933 0.64 925
4.936 0.69 925
4.940 0.63 925
4.943 0.64 925
4.946 0.68 925
4.950 0.74 925
4.954 0.64 925
4.957 0.64 925
4.961 0.66 925
4.965 0.69 925
4.968 0.64 925
4.972 0.74 925
4.975 0.77 925
4.979 0.83 925
4.982 0.76 925
4.989 0.88 925
4.993 0.81 925
4.998 0.78 925
5.001 0.72 925
5.004 0.60 925
5.008 0.69 925
5.011 0.69 925
5.014 0.70 925
5.018 0.57 925
5.022 0.74 925
5.026 0.85 925
5.030 0.87 925
5.033 0.79 925
5.037 0.62 925
5.041 0.32 925
5.044 0.43 925
5.047 0.33 925
5.050 0.44 925
5.053 0.35 925
5.057 0.57 925
5.061 0.50 925
5.066 0.78 925
5.071 0.69 925
5.076 0.69 925
5.081 1.02 925
5.086 0.72 925
5.090 0.49 925
5.094 0.29 925
5.098 0.29 925
5.102 0.26 925
5.109 0.90 925
5.115 0.95 925
5.122 0.90 925
5.129 0.90 925
5.136 0.81 925
5.142 0.76 925
5.149 0.87 925
5.155 0.86 925
5.160 0.86 925
5.166 0.60 925
5.171 0.32 925
5.175 0.59 925
5.178 0.75 925
5.192 0.99 925
5.197 0.83 925
5.201 1.01 925
5.206 1.07 925
5.210 0.85 925
5.214 0.80 925
5.218 0.52 925
5.222 0.76 925
5.226 0.83 925
5.230 1.03 925
5.234 0.90 925
5.242 1.04 925
5.246 0.86 925
5.250 1.06 925
5.254 0.90 925
5.258 0.99 925
5.262 0.71 925
5.271 1.11 925
5.276 1.05 925
5.281 1.14 925
5.290 0.98 925
5.295 1.18 925
5.304 0.95 925
5.308 1.15 925
5.312 1.15 925
5.320 1.11 925
5.325 1.02 925
5.330 0.90 925
5.335 0.89 925
5.340 0.79 925
5.345 0.83 925
5.350 1.17 925
5.355 1.08 925
5.360 1.18 925
5.364 1.08 925
5.369 1.13 925
5.374 1.17 925
5.379 1.22 925
5.384 0.99 925
5.388 1.12 925
5.393 1.06 925
5.401 1.14 925
5.405 0.75 925
5.409 0.97 925
5.413 1.08 925
5.422 1.00 925
5.427 0.89 925
5.436 1.02 925
5.440 1.09 925
5.444 0.97 925
5.448 1.02 925
5.452 0.79 925
5.456 0.84 925
5.461 1.06 925
5.467 1.20 925
5.474 1.16 925
5.480 1.38 925
5.486 1.40 925
5.491 1.38 925
5.495 1.20 925
5.499 1.20 925
5.504 1.04 925
5.508 1.19 925
5.515 1.14 925
5.519 1.12 925
5.523 1.06 925
5.528 1.23 925
5.532 1.05 925
5.536 1.16 925
5.540 0.86 925
5.544 1.13 925
5.548 0.85 925
5.552 0.90 925
5.556 0.99 925
5.560 1.16 925
5.564 1.07 925
5.568 0.97 925
5.572 1.14 925
5.575 1.08 925
5.578 1.22 925
5.582 1.17 925
5.585 1.14 925
5.589 1.07 925
5.593 1.19 925
5.597 1.21 925
5.602 1.08 925
5.606 1.07 925
5.610 1.13 925
5.614 0.92 925
5.617 1.32 552
5.618 1.10 925
5.620 0.98 552
5.623 1.14 925
5.624 1.18 552
5.627 1.06 925
5.628 0.98 552
5.631 0.94 925
5.633 1.25 552
5.636 1.09 925
5.637 0.91 552
5.640 1.06 925
5.641 0.82 552
5.645 1.06 925
5.650 1.30 925
5.654 1.02 552
5.654 1.30 925
5.659 0.92 552
5.659 1.15 925
5.664 1.32 925
5.667 1.24 925
5.669 1.42 552
5.671 1.22 925
5.673 1.39 552
5.675 1.37 925
5.678 1.23 925
5.682 1.08 925
5.683 1.36 552
5.687 1.35 925
5.691 1.02 552
5.693 0.84 925
5.696 1.13 552
5.698 1.19 925
5.699 0.90 552
5.703 0.98 925
5.706 0.75 552
5.707 1.25 925
5.709 0.92 552
5.711 1.37 925
5.714 0.86 552
5.715 1.19 925
5.719 1.28 925
5.722 0.92 552
5.723 1.23 925
5.727 0.97 552
5.728 1.16 925
5.732 0.79 552
5.733 1.10 925
5.739 1.19 925
5.741 1.18 552
5.744 0.97 925
5.746 1.32 552
5.749 1.01 925
5.750 1.28 552
5.754 0.98 925
5.758 0.86 925
5.761 0.99 552
5.761 0.99 552
5.762 0.92 925
5.765 0.95 552
5.766 1.17 925
5.771 1.14 925
5.771 0.86 552
5.775 0.96 925
5.776 1.04 552
5.779 1.13 925
5.780 0.89 552
5.783 0.91 925
5.783 0.81 552
5.787 0.94 552
5.787 0.57 925
5.791 0.65 552
5.792 0.80 925
5.794 0.87 552
5.796 0.43 925
5.797 0.78 552
5.801 1.14 552
5.804 0.96 552
5.808 0.84 552
5.811 1.18 552
5.815 0.87 552
5.818 0.96 552
5.822 1.11 552
5.829 1.15 552
5.832 1.14 552
5.836 0.97 552
5.840 1.14 552
5.846 1.14 552
5.850 1.16 552
5.853 1.03 552
5.857 1.07 552
5.860 1.00 552
5.860 0.94 552
5.860 0.91 552
5.864 0.99 552
5.867 1.00 552
5.871 0.99 552
5.871 0.67 552
5.874 0.97 552
5.877 1.01 552
5.881 0.92 552
5.885 1.02 552
5.885 0.88 552
5.888 1.06 552
5.893 1.09 552
5.900 1.28 552
5.904 1.20 552
5.909 1.34 552
5.917 1.22 552
5.921 1.31 552
5.925 1.04 552
5.929 1.14 552
5.933 1.16 552
5.938 0.95 552
5.942 1.17 552
5.942 1.21 552
5.945 0.96 552
5.948 1.03 552
5.951 1.15 552
5.955 0.93 552
5.956 0.98 552
5.956 0.97 552
5.959 1.07 552
5.962 0.97 925
5.962 1.09 552
5.965 1.12 552
5.968 1.15 925
5.968 1.02 552
5.975 0.96 925
5.979 1.01 925
5.982 0.99 925
5.986 0.73 925
5.989 0.94 552
5.989 0.85 552
5.990 0.67 925
5.991 1.12 552
5.991 0.95 552
5.994 0.56 925
5.995 1.01 552
5.995 1.01 552
5.998 0.57 925
6.000 1.03 552
6.003 1.13 552
6.006 0.94 552
6.009 1.06 552
6.013 1.11 552
6.017 1.22 552
6.020 0.96 552
6.021 1.13 552
6.025 0.76 552
6.026 1.04 552
6.029 1.05 552
6.032 0.96 552
6.042 0.92 552
6.044 1.06 552
6.054 1.18 552
6.059 1.16 552
6.064 0.96 552
6.069 0.90 552
6.069 1.19 552
6.077 1.09 552
6.080 1.07 552
6.086 0.94 552
6.086 1.21 552
6.091 0.89 552
6.097 0.83 552
6.101 0.52 925
6.102 0.37 925
6.104 0.77 925
6.107 0.79 552
6.108 0.53 925
6.112 1.01 552
6.114 1.06 925
6.118 0.80 552
6.118 1.05 552
6.123 0.72 925
6.123 0.97 552
6.123 1.06 552
6.129 0.83 925
6.131 0.97 552
6.138 0.82 552
6.138 0.87 552
6.141 1.01 552
6.145 1.22 552
6.145 1.25 552
6.150 1.09 552
6.152 1.08 552
6.152 1.20 552
6.157 1.12 552
6.157 1.15 552
6.180 0.31 925
6.184 0.80 552
6.184 0.88 552
6.190 0.45 925
6.192 0.76 552
6.199 0.85 925
6.200 0.40 925
6.208 0.85 552
6.210 0.56 925
6.213 0.23 925
6.217 0.36 925
6.220 0.65 925
6.225 0.79 925
6.225 0.58 925
6.227 0.92 552
6.227 0.59 925
6.230 0.57 925
6.230 0.80 552
6.234 0.79 552
6.234 0.70 925
6.238 0.63 552
6.240 0.78 925
6.242 0.63 552
6.242 0.75 552
6.246 0.72 552
6.250 0.72 552
6.250 0.78 552
6.254 0.90 552
6.257 0.83 552
6.262 0.67 552
6.266 0.83 552
6.266 0.79 552
6.271 0.72 552
6.274 0.75 552
6.279 0.87 552
6.283 0.75 552
6.287 0.60 552
6.294 0.55 552
6.300 0.76 552
6.304 0.95 552
6.304 0.83 552
6.308 1.05 552
6.313 1.01 552
6.317 0.79 552
6.320 0.96 552
6.325 0.71 552
6.330 0.92 552
6.338 0.80 552
6.342 0.72 552
6.346 0.61 552
6.350 0.63 552
6.355 0.94 552
6.359 0.92 552
6.359 0.94 552
6.363 0.94 552
6.375 0.66 552
6.380 0.87 552
6.384 0.82 552
6.384 0.64 552
6.388 0.80 552
6.388 0.67 552
6.389 0.86 552
6.392 0.90 552
6.397 1.09 552
6.401 1.16 552
6.404 1.08 552
6.408 0.93 552
6.417 0.67 552
6.421 0.80 552
6.426 0.38 552
6.433 0.65 552
6.437 0.93 552
6.440 0.96 552
6.444 0.68 552
6.446 0.58 552
6.447 0.97 552
6.449 1.20 552
6.451 0.60 552
6.452 0.83 552
6.454 1.07 552
6.456 0.91 552
6.458 1.22 552
6.461 0.99 552
6.462 0.83 552
6.464 0.93 552
6.468 0.98 552
6.468 0.98 552
6.470 0.92 552
6.472 0.91 552
6.474 0.71 552
6.477 1.11 552
6.477 0.80 552
6.479 1.04 552
6.480 1.04 552
6.482 1.18 552
6.484 1.14 552
6.486 1.14 552
6.488 1.26 552
6.488 0.99 552
6.493 0.80 552
6.496 0.62 552
6.498 1.19 552
6.498 0.69 552
6.500 0.80 552
6.503 0.92 552
6.510 0.77 552
6.510 0.62 552
6.512 0.97 552
6.512 0.93 552
6.514 0.73 552
6.516 0.74 552
6.516 0.62 552
6.518 0.93 552
6.520 0.91 552
6.522 1.05 552
6.525 0.94 552
6.526 0.95 552
6.528 0.97 552
6.531 0.91 552
6.533 0.94 552
6.535 1.11 552
6.537 0.92 552
6.538 0.90 552
6.540 0.98 552
6.544 0.75 552
6.545 0.86 552
6.547 0.84 552
6.549 0.45 552
6.551 0.92 552
6.553 0.87 552
6.554 0.98 552
6.556 0.83 552
6.558 0.66 552
6.560 0.67 552
6.562 0.62 552
6.564 0.49 552
6.566 0.81 552
6.568 0.51 552
6.570 0.61 552
6.572 0.96 552
6.574 1.07 552
6.574 0.90 552
6.576 0.95 552
6.578 0.98 552
6.580 0.87 552
6.582 0.63 552
6.586 0.47 552
6.586 0.52 552
6.589 0.70 552
6.590 0.79 552
6.594 0.71 552
6.594 0.71 552
6.597 0.85 552
6.599 0.80 552
6.603 1.06 552
6.604 1.09 552
6.607 1.13 552
6.608 0.89 552
6.609 1.05 552
6.611 0.95 552
6.612 1.03 552
6.614 1.14 552
6.615 0.85 552
6.615 0.71 552
6.616 0.77 552
6.617 0.98 552
6.618 1.07 608
6.618 0.58 552
6.620 0.76 552
6.622 0.95 552
6.624 1.03 552
6.626 1.01 552
6.629 0.77 552
6.630 0.70 552
6.632 0.77 552
6.633 0.52 552
6.635 0.78 552
6.636 0.97 552
6.638 1.07 552
6.640 1.03 552
6.640 1.08 552
6.641 0.77 552
6.643 0.94 552
6.644 0.96 552
6.646 0.77 552
6.647 0.78 552
6.649 1.00 552
6.649 0.75 552
6.650 0.94 552
6.654 1.21 552
6.655 1.01 552
6.656 0.93 552
6.658 1.03 552
6.658 1.01 552
6.659 1.01 552
6.661 1.02 552
6.663 1.04 552
6.664 1.13 552
6.665 0.82 552
6.667 0.98 552
6.669 0.64 552
6.670 0.70 552
6.670 0.51 552
6.672 0.71 552
6.674 0.83 552
6.675 0.94 552
6.677 0.64 552
6.678 0.84 552
6.678 0.90 552
6.679 0.88 552
6.681 0.82 552
6.684 0.75 552
6.685 0.94 552
6.685 0.88 552
6.690 1.09 552
6.690 1.09 552
6.691 0.79 552
6.693 0.94 552
6.693 0.50 552
6.694 0.82 552
6.694 0.84 552
6.694 0.71 552
6.694 0.51 552
6.697 0.73 552
6.697 0.76 552
6.699 0.77 552
6.701 0.74 552
6.702 0.75 552
6.702 0.81 552
6.704 0.80 552
6.705 0.83 552
6.707 0.81 552
6.708 0.60 552
6.709 0.53 552
6.710 0.63 552
6.711 0.57 552
6.714 0.63 552
6.716 0.78 552
6.717 0.35 552
6.719 0.35 552
6.719 0.70 552
6.722 0.72 552
6.723 0.64 552
6.725 0.88 552
6.725 0.84 552
6.726 0.79 552
6.728 0.72 552
6.729 0.68 552
6.731 0.88 552
6.732 0.66 552
6.733 1.03 552
6.736 1.01 552
6.746 0.69 552
6.751 0.64 552
6.755 0.45 552
6.756 0.66 552
6.761 0.60 552
6.766 0.81 552
6.771 0.98 552
6.776 0.90 552
6.780 0.80 552
6.781 0.86 552
6.791 0.90 552
6.796 0.99 552
6.805 0.79 552
6.806 1.16 552
6.816 1.03 552
6.821 0.93 552
6.826 0.92 552
6.841 0.76 552
6.856 1.05 552
6.880 0.56 552
6.905 0.97 552
6.931 1.04 552
6.950 0.82 552
6.969 0.88 552
6.988 0.84 552
7.000 1.16 552
7.006 1.00 552
7.026 0.97 552
7.045 1.04 552
7.083 1.26 552
7.100 0.93 552
7.116 1.04 552
7.132 1.34 552
7.132 1.28 552
7.161 1.09 608
7.163 1.25 552
7.209 1.30 552
7.209 1.28 552
7.415 1.13 552
7.493 1.27 552
7.538 1.27 552
7.583 1.02 552
7.601 1.20 552
7.628 1.46 552
7.674 1.50 552
7.723 1.38 552
7.766 1.48 552
7.803 1.53 552
7.912 1.04 552
7.994 1.13 608
8.177 1.04 608
8.271 1.16 552
8.460 1.34 552
8.485 1.37 608
8.663 1.27 608
8.772 1.14 608
8.790 1.48 608
8.816 1.67 608
8.828 1.09 608
8.845 1.15 552
8.845 1.15 552
8.995 1.29 563
9.000 1.14 608
9.000 1.25 608
9.111 1.03 563
9.113 1.04 608
9.233 1.11 563
9.322 1.45 563
9.374 1.42 563
9.462 1.19 563
9.577 1.05 563
9.638 1.15 563
9.677 0.81 563
9.677 0.84 563
9.729 0.84 563
9.776 1.03 563
9.782 1.06 563
9.828 1.04 563
9.876 1.04 563
9.927 1.12 563
9.964 1.01 563
9.976 1.14 563
10.022 1.12 563
10.069 0.96 563
10.076 1.10 563
10.122 1.03 563
10.168 1.06 563
10.203 1.23 563
10.258 0.96 563
10.301 1.22 563
10.354 1.18 563
10.370 1.31 563
10.398 1.22 563
10.452 1.34 563
10.470 1.28 563
10.504 1.25 563
10.556 1.23 563
10.610 1.01 563
10.662 1.18 563
10.679 1.14 563
10.711 1.10 563
10.766 1.03 563
10.773 1.37 563
10.855 0.84 563
10.911 0.99 563
10.956 0.90 563
11.005 0.93 563
11.012 1.03 563
11.020 0.79 608
11.060 0.91 563
11.121 1.05 563
11.148 0.94 563
11.154 0.91 563
11.210 0.66 608
11.301 0.85 608
11.422 1.03 608
11.448 1.11 563
11.499 1.15 563
11.511 1.21 563
11.550 1.16 563
11.598 1.44 563
11.637 1.36 563
11.679 1.42 563
11.691 1.37 563
11.720 1.48 563
11.766 1.21 563
11.780 1.57 563
11.820 1.16 563
11.840 1.36 563
11.853 1.49 563
11.873 1.04 563
11.880 0.82 563
11.890 1.03 563
11.979 0.94 563
12.058 0.89 563
12.135 0.46 563
12.199 0.87 563
12.243 0.91 563
12.310 0.75 563
12.371 0.77 563
12.414 1.16 608
12.442 0.95 563
12.492 1.00 563
12.515 0.90 563
12.576 1.07 563
12.593 0.86 608
12.624 0.80 563
12.790 1.04 563
12.879 0.91 608
12.979 1.15 563
12.989 1.15 563
13.033 1.10 563
13.094 1.15 563
13.151 1.01 563
13.216 1.10 563
13.258 1.26 608
13.272 1.01 563
13.331 1.60 608
13.337 1.10 563
13.394 0.98 563
13.459 1.03 563
13.466 1.57 608
13.485 1.70 608
13.515 0.72 563
13.567 1.09 563
13.650 1.09 563
13.718 0.99 563
13.781 1.12 563
13.845 0.84 563
13.913 1.03 563
13.964 0.92 563
14.031 1.05 563
14.072 1.10 563
14.138 1.19 563
14.185 1.25 563
14.236 1.28 608
14.249 1.28 563
14.404 1.61 563
14.443 1.07 608
14.578 1.39 563
14.607 1.22 608
14.656 1.01 563
14.715 0.98 563
14.786 1.00 563
14.849 1.26 563
14.918 1.32 563
14.976 1.32 563
15.044 1.21 563
15.103 1.51 563
15.146 1.55 563
15.236 1.51 608
15.271 1.52 563
15.339 1.95 563
15.418 1.74 563
15.495 1.72 563
15.559 2.00 563
15.629 1.82 563
15.698 1.78 563
15.773 2.07 563
15.789 1.43 563
15.841 1.47 563
15.916 1.77 563
16.010 1.51 563
16.019 1.30 608
16.064 1.95 563
16.190 2.01 563
16.287 1.85 563
16.320 0.92 608
16.379 1.51 563
16.466 1.42 608
16.472 1.46 563
16.553 1.32 563
16.561 1.73 563
16.754 1.23 608
16.754 1.11 608
16.821 1.33 563
16.882 1.13 608
16.889 1.18 563
17.049 1.40 608
17.049 1.17 608
17.174 1.13 608
17.286 1.16 563
17.315 1.18 563
17.337 1.26 563
17.353 1.02 608
17.353 1.04 608
17.413 1.01 563
17.466 1.09 608
17.490 1.05 563
17.526 0.86 563
17.573 1.15 563
17.655 0.85 608
17.655 0.96 608
17.663 1.17 563
17.722 0.98 563
17.766 0.88 608
17.858 0.95 563
17.944 0.88 608
17.944 0.84 608
18.075 0.87 608
18.195 0.76 608
18.280 0.68 608
18.458 0.87 608
18.640 0.54 608
18.640 0.45 608
18.655 0.60 608
18.819 0.86 608
19.088 0.41 608
19.088 0.24 608
19.122 0.67 563
19.200 0.59 563
19.242 0.82 608
19.277 0.71 563
19.353 0.48 563
19.364 0.87 608
19.364 0.67 608
19.476 0.69 563
19.541 0.87 608
19.556 1.07 563
19.658 0.95 563
19.683 0.58 608
19.683 0.54 608
19.758 0.91 563
19.794 0.52 608
19.813 0.28 608
19.917 0.99 608
20.159 0.71 608
20.159 0.67 608
20.182 1.06 563
20.293 0.89 563
20.399 0.95 563
20.401 0.74 608
20.401 0.59 608
20.525 1.01 563
20.590 1.42 608
20.696 0.81 608
20.720 1.12 608
20.720 0.96 608
20.771 0.79 563
20.815 0.99 608
20.815 1.06 608
21.058 1.44 608
21.183 1.17 608
21.196 1.20 608
21.211 1.40 608
21.211 1.36 608
21.389 1.00 563
21.405 1.33 608
21.528 1.06 608
21.539 0.92 563
21.589 0.83 608
21.589 0.71 608
21.651 0.82 608
21.651 0.55 608
21.654 1.30 563
21.712 0.71 608
21.766 1.09 563
21.789 0.73 608
21.833 0.80 608
21.872 0.61 608
21.876 0.60 608
21.915 0.78 608
22.013 1.10 563
22.122 1.39 563
22.239 1.42 563
22.343 1.41 563
22.455 1.36 563
22.623 1.11 563
22.686 1.30 563
22.743 0.71 563
22.792 0.91 563
22.860 1.40 563
22.919 1.32 563
22.984 1.59 563
23.039 1.32 563
23.205 1.17 563
23.205 1.30 563
23.205 1.50 563
23.377 1.25 563
  
