0.003 0.14 846
0.005 0.01 846
0.007 -0.08 846
0.009 -0.17 846
0.011 -0.21 846
0.014 -0.41 846
0.016 -0.43 846
0.019 -0.41 846
0.022 -0.29 846
0.024 -0.32 846
0.027 -0.44 846
0.029 -0.38 846
0.031 -0.33 846
0.034 -0.20 846
0.037 -0.16 846
0.039 -0.20 846
0.041 -0.18 846
0.044 -0.19 846
0.046 -0.24 846
0.049 -0.23 846
0.051 -0.26 846
0.054 -0.21 846
0.056 -0.30 846
0.059 -0.25 846
0.061 -0.38 846
0.064 -0.40 846
0.067 -0.41 846
0.069 -0.53 846
0.072 -0.43 846
0.075 -0.47 846
0.077 -0.53 846
0.080 -0.47 846
0.082 -0.30 846
0.085 -0.12 846
0.087 -0.21 846
0.089 0.01 846
0.091 -0.08 846
0.093 -0.12 846
0.095 -0.09 846
0.097 -0.13 846
0.098 -0.18 846
0.100 -0.01 846
0.101 -0.39 846
0.101 -0.21 846
0.103 -0.23 846
0.105 -0.29 846
0.107 -0.08 846
0.109 0.00 846
0.111 -0.08 846
0.113 0.22 846
0.114 0.12 846
0.116 -0.02 846
0.118 -0.21 846
0.119 -0.27 846
0.121 -0.33 846
0.123 -0.40 846
0.125 -0.25 846
0.126 -0.33 846
0.129 -0.43 846
0.131 -0.45 846
0.134 -0.58 846
0.137 -0.45 846
0.139 -0.43 846
0.142 -0.57 846
0.145 -0.50 846
0.147 -0.60 846
0.150 -0.51 846
0.154 -0.33 846
0.157 -0.48 846
0.160 -0.40 846
0.164 -0.47 846
0.167 -0.46 846
0.170 -0.55 846
0.173 -0.52 846
0.174 -0.51 846
0.177 -0.57 846
0.179 -0.43 846
0.181 -0.39 846
0.183 -0.33 846
0.184 -0.27 846
0.188 -0.32 846
0.191 -0.51 846
0.195 -0.10 846
0.198 -0.18 846
0.202 -0.05 846
0.205 -0.02 846
0.209 -0.27 846
0.213 -0.26 846
0.216 -0.48 846
0.220 -0.46 846
0.223 -0.49 846
0.225 -0.49 846
0.228 -0.49 846
0.230 -0.47 846
0.233 -0.33 846
0.235 -0.32 846
0.237 -0.27 846
0.240 -0.49 846
0.242 -0.46 846
0.244 -0.69 846
0.246 -0.57 846
0.248 -0.65 846
0.250 -0.62 846
0.253 -0.83 846
0.256 -0.89 846
0.259 -0.82 846
0.263 -0.92 846
0.264 -0.82 846
0.266 -0.64 846
0.269 -0.55 846
0.269 -0.76 846
0.272 -0.54 846
0.274 -0.50 846
0.275 -0.65 846
0.278 -0.36 846
0.282 -0.44 846
0.287 -0.28 846
0.288 -0.10 846
0.291 -0.48 846
0.292 -0.39 846
0.293 -0.46 846
0.295 -0.37 846
0.298 -0.53 846
0.301 -0.54 846
0.306 -0.38 846
0.309 -0.47 846
0.311 -0.48 846
0.313 -0.36 846
0.316 -0.41 846
0.318 -0.61 846
0.321 -0.48 846
0.325 -0.46 846
0.326 -0.34 846
0.328 -0.39 846
0.330 -0.50 846
0.330 -0.43 846
0.332 -0.22 846
0.333 -0.28 846
0.334 -0.27 846
0.337 -0.30 846
0.337 -0.45 846
0.341 -0.28 846
0.344 -0.48 846
0.347 -0.67 846
0.348 -0.51 846
0.349 -0.63 846
0.350 -0.51 846
0.351 -0.65 846
0.352 -0.53 846
0.353 -0.52 846
0.354 -0.53 846
0.356 -0.58 846
0.357 -0.36 846
0.359 -0.58 846
0.361 -0.67 846
0.363 -0.69 846
0.364 -0.72 846
0.365 -0.60 846
0.366 -0.46 846
0.368 -0.56 846
0.370 -0.44 846
0.373 -0.25 846
0.376 -0.54 846
0.378 -0.34 846
0.381 -0.19 846
0.382 -0.13 846
0.384 -0.26 846
0.386 -0.22 846
0.389 -0.27 846
0.392 0.08 846
0.395 0.04 846
0.398 -0.17 846
0.399 0.19 846
0.400 0.12 846
0.402 0.03 846
0.403 0.00 846
0.406 0.04 846
0.410 -0.04 846
0.413 -0.02 846
0.416 0.01 846
0.419 -0.25 846
0.422 -0.34 846
0.427 -0.46 846
0.430 -0.48 846
0.433 -0.50 846
0.436 -0.36 846
0.439 -0.37 846
0.442 -0.41 846
0.445 -0.24 846
0.447 -0.40 846
0.451 -0.40 846
0.453 -0.45 846
0.455 -0.59 846
0.457 -0.46 846
0.458 -0.35 846
0.462 -0.35 846
0.463 -0.44 846
0.464 -0.46 846
0.465 -0.44 846
0.466 -0.39 846
0.468 -0.42 846
0.470 -0.45 846
0.472 -0.39 846
0.474 -0.37 846
0.476 -0.22 846
0.478 -0.08 846
0.480 -0.12 846
0.482 0.10 846
0.486 0.16 846
0.489 0.25 846
0.492 0.23 846
0.494 -0.24 846
0.497 0.11 846
0.500 0.13 846
0.502 -0.01 846
0.505 0.19 846
0.508 0.16 846
0.510 0.22 846
0.513 0.29 846
0.515 0.25 846
0.519 0.20 846
0.519 0.13 846
0.522 0.07 846
0.525 -0.07 846
0.528 -0.13 846
0.531 -0.33 846
0.535 -0.34 846
0.539 -0.28 846
0.542 -0.31 846
0.547 -0.34 846
0.552 -0.30 846
0.556 -0.50 846
0.559 -0.36 846
0.562 -0.39 846
0.564 -0.34 846
0.566 -0.22 846
0.568 -0.23 846
0.570 -0.15 846
0.572 0.05 846
0.576 -0.02 846
0.580 -0.20 846
0.586 -0.30 846
0.592 -0.38 846
0.597 -0.17 846
0.601 -0.21 846
0.606 -0.12 846
0.609 -0.06 846
0.614 -0.02 846
0.616 0.02 846
0.618 -0.21 846
0.620 -0.24 846
0.621 -0.27 846
0.624 -0.45 846
0.626 -0.39 846
0.628 -0.58 846
0.631 -0.54 846
0.633 -0.62 846
0.636 -0.59 846
0.639 -0.60 846
0.641 -0.64 846
0.646 -0.59 846
0.649 -0.62 846
0.653 -0.60 846
0.655 -0.60 846
0.658 -0.68 846
0.660 -0.56 846
0.663 -0.74 846
0.666 -0.65 846
0.667 -0.61 846
0.668 -0.64 846
0.670 -0.72 846
0.671 -0.65 846
0.673 -0.56 846
0.674 -0.65 846
0.674 -0.51 846
0.677 -0.58 846
0.679 -0.58 846
0.681 -0.57 846
0.682 -0.70 846
0.683 -0.63 846
0.684 -0.78 846
0.685 -0.60 846
0.686 -0.46 846
0.687 -0.28 846
0.705 -0.51 846
0.716 -0.62 846
0.719 -0.53 846
0.721 -0.48 846
0.722 -0.39 846
0.724 -0.41 846
0.726 -0.13 846
0.731 -0.24 846
0.741 -0.42 846
0.747 -0.58 846
0.750 -0.60 846
0.752 -0.37 846
0.753 -0.64 846
0.755 -0.70 846
0.760 -0.54 846
0.763 -0.55 846
0.767 -0.40 846
0.770 -0.42 846
0.773 -0.55 846
0.774 -0.29 846
0.776 -0.35 846
0.778 -0.47 846
0.780 -0.20 846
0.782 -0.24 846
0.784 -0.44 846
0.786 -0.38 846
0.789 -0.42 846
0.791 -0.48 846
0.795 -0.36 846
0.798 -0.64 846
0.800 -0.62 846
0.803 -0.67 846
0.805 -0.53 846
0.807 -0.49 846
0.809 -0.62 846
0.812 -0.49 846
0.814 -0.39 846
0.816 -0.30 846
0.819 -0.22 846
0.821 -0.31 846
0.823 -0.40 846
0.830 -0.40 846
0.833 -0.67 846
0.835 -0.50 846
0.837 -0.43 846
0.840 -0.28 846
0.842 -0.42 846
0.844 -0.39 846
0.847 -0.30 846
0.849 -0.45 846
0.851 -0.40 846
0.854 -0.47 846
0.856 -0.43 846
0.859 -0.74 846
0.863 -0.83 846
0.866 -0.82 846
0.868 -0.82 846
0.871 -0.85 846
0.872 -0.80 846
0.874 -0.81 846
0.875 -0.85 846
0.877 -0.89 846
0.879 -0.79 846
0.882 -0.79 846
0.884 -0.69 846
0.886 -0.51 846
0.887 -0.57 846
0.888 -0.65 846
0.889 -0.66 846
0.890 -0.54 846
0.892 -0.79 846
0.894 -0.76 846
0.898 -0.98 846
0.904 -1.06 846
0.906 -0.96 846
0.908 -0.91 846
0.910 -0.94 846
0.911 -0.80 846
0.915 -0.75 846
0.920 -0.57 846
0.923 -0.51 846
0.927 -0.42 846
0.930 -0.25 846
0.934 -0.26 846
0.939 -0.20 846
0.944 -0.29 846
0.949 -0.40 846
0.953 -0.53 846
0.958 -0.43 846
0.968 -0.29 846
0.973 -0.26 846
0.978 -0.23 846
0.982 -0.29 846
0.985 -0.16 846
0.989 -0.32 846
0.992 -0.42 846
0.996 -0.29 846
0.999 -0.37 846
1.003 -0.38 846
1.006 -0.40 846
1.006 -0.30 846
1.009 -0.63 846
1.012 -0.14 846
1.013 -0.32 846
1.016 -0.20 846
1.016 -0.17 846
1.019 -0.20 846
1.020 -0.35 846
1.022 -0.39 846
1.026 -0.37 846
1.029 -0.39 846
1.033 -0.46 846
1.038 -0.52 846
1.042 -0.52 846
1.047 -0.58 846
1.050 -0.61 846
1.053 -0.59 846
1.055 -0.64 846
1.057 -0.63 846
1.059 -0.58 846
1.062 -0.37 846
1.064 -0.27 846
1.066 -0.03 846
1.068 -0.19 846
1.070 -0.29 846
1.073 -0.41 846
1.075 -0.70 846
1.077 -0.16 846
1.079 -0.24 846
1.082 -0.17 846
1.084 -0.12 846
1.086 -0.22 846
1.088 0.07 846
1.091 -0.13 846
1.093 -0.40 846
1.096 -0.39 846
1.098 -0.43 846
1.101 -0.49 846
1.103 -0.50 846
1.105 -0.54 846
1.107 -0.36 846
1.109 -0.16 846
1.112 -0.14 846
1.114 -0.29 846
1.115 -0.33 846
1.116 -0.26 846
1.118 -0.49 846
1.119 -0.56 846
1.121 -0.61 846
1.123 -0.66 846
1.125 -0.71 846
1.127 -0.58 846
1.129 -0.68 846
1.131 -0.65 846
1.133 -0.61 846
1.134 -0.79 846
1.136 -0.52 846
1.138 -0.38 846
1.141 -0.39 846
1.144 -0.38 846
1.147 -0.29 846
1.150 -0.25 846
1.154 0.00 846
1.157 -0.16 846
1.160 0.03 846
1.163 -0.01 846
1.166 0.02 846
1.169 -0.02 846
1.172 -0.06 846
1.175 -0.07 846
1.178 -0.13 846
1.181 -0.15 846
1.184 -0.29 846
1.188 -0.23 846
1.191 -0.42 846
1.194 -0.39 846
1.196 -0.49 846
1.199 -0.62 846
1.202 -0.59 846
1.205 -0.73 846
1.208 -0.73 846
1.211 -0.54 846
1.214 -0.42 846
1.220 -0.57 846
1.227 -0.26 846
1.233 0.02 846
1.240 -0.25 846
1.244 0.06 846
1.248 -0.21 846
1.251 -0.17 846
1.255 -0.75 846
1.258 -0.92 846
1.262 -0.60 846
1.267 -0.60 846
1.269 -0.59 846
1.270 -0.75 846
1.271 -0.68 846
1.273 -0.70 846
1.276 -0.59 846
1.279 -0.50 846
1.283 -0.54 846
1.288 -0.44 846
1.291 -0.34 846
1.295 -0.38 846
1.299 -0.34 846
1.302 -0.14 846
1.306 -0.12 846
1.310 -0.19 846
1.314 -0.15 846
1.317 -0.22 846
1.321 -0.28 846
1.324 -0.31 846
1.327 -0.54 846
1.330 -0.55 846
1.333 -0.52 846
1.337 -0.58 846
1.339 -0.59 846
1.340 -0.33 846
1.342 -0.40 846
1.343 -0.43 846
1.344 -0.48 846
1.346 -0.59 846
1.348 -0.65 846
1.350 -0.41 846
1.353 -0.23 846
1.356 -0.28 846
1.358 -0.14 846
1.361 -0.01 846
1.364 -0.24 846
1.365 -0.14 846
1.368 -0.29 846
1.370 -0.29 846
1.371 -0.42 846
1.373 -0.52 846
1.376 -0.67 846
1.377 -0.64 846
1.380 -0.60 846
1.382 -0.58 846
1.384 -0.58 846
1.389 -0.44 846
1.391 -0.25 846
1.393 0.01 846
1.395 -0.06 846
1.396 0.02 846
1.398 -0.08 846
1.400 -0.35 846
1.402 -0.23 846
1.405 -0.24 846
1.408 -0.26 846
1.410 -0.50 846
1.412 -0.57 846
1.416 -0.45 846
1.417 -0.44 846
1.419 -0.35 846
1.420 -0.26 846
1.422 -0.25 846
1.424 -0.18 846
1.426 -0.08 846
1.428 -0.05 846
1.430 -0.05 846
1.433 -0.19 846
1.437 -0.32 846
1.442 -0.42 846
1.448 -0.45 846
1.453 -0.50 846
1.459 -0.44 846
1.463 -0.51 846
1.468 -0.32 846
1.472 -0.54 846
1.475 -0.09 846
1.478 -0.12 846
1.481 0.03 846
1.485 -0.11 846
1.489 -0.04 846
1.493 -0.30 846
1.495 -0.38 846
1.497 -0.50 846
1.499 -0.54 846
1.501 -0.65 846
1.503 -0.46 846
1.505 -0.53 846
1.507 -0.36 846
1.509 -0.24 846
1.511 -0.11 846
1.513 -0.03 846
1.517 0.11 846
1.522 0.22 846
1.526 0.06 846
1.531 -0.10 846
1.538 -0.12 846
1.544 -0.34 846
1.549 -0.44 846
1.553 -0.58 846
1.556 -0.17 846
1.560 0.03 846
1.563 -0.03 846
1.566 -0.09 846
1.569 -0.37 846
1.574 -0.65 846
1.577 -0.64 846
1.580 -0.50 846
1.582 -0.66 846
1.585 -0.15 846
1.588 -0.05 846
1.592 -0.23 846
1.595 -0.12 846
1.599 -0.02 846
1.603 0.12 846
1.606 0.01 846
1.611 -0.02 846
1.613 -0.13 846
1.615 -0.10 846
1.619 -0.34 846
1.621 -0.30 846
1.623 -0.16 846
1.626 -0.24 846
1.626 -0.19 846
1.632 -0.20 846
1.633 -0.30 846
1.634 -0.17 846
1.638 -0.14 846
1.641 -0.13 846
1.642 -0.08 846
1.644 0.28 846
1.645 0.12 846
1.646 0.02 846
1.647 -0.07 846
1.647 -0.03 846
1.648 -0.07 846
1.649 0.00 846
1.650 -0.23 846
1.651 -0.23 846
1.652 -0.16 846
1.653 -0.04 846
1.656 -0.10 846
1.658 -0.11 846
1.660 -0.09 846
1.662 0.07 846
1.663 -0.50 846
1.664 0.02 846
1.665 -0.30 846
1.666 -0.37 846
1.667 -0.34 846
1.668 -0.03 846
1.670 -0.57 846
1.674 -0.60 846
1.679 -0.60 846
1.685 -0.57 846
1.686 -0.47 846
1.687 -0.69 846
1.687 -0.63 846
1.688 -0.53 846
1.688 -0.39 846
1.689 -0.40 846
1.690 -0.21 846
1.693 -0.14 846
1.700 -0.10 846
1.702 -0.26 846
1.702 -0.41 846
1.702 -0.29 846
1.703 -0.51 846
1.703 -0.79 846
1.704 -0.57 846
1.704 -1.00 846
1.705 -0.72 846
1.707 -0.87 846
1.714 -0.47 846
1.720 -0.32 846
1.722 -0.51 846
1.724 -0.50 846
1.725 -0.67 846
1.727 -0.46 846
1.732 -0.40 846
1.740 -0.39 846
1.744 -0.85 846
1.746 -0.68 846
1.748 -0.74 846
1.750 -0.52 846
1.752 -0.56 846
1.754 -0.51 846
1.756 -0.53 846
1.759 -0.41 846
1.763 -0.35 846
1.763 -0.56 846
1.766 -0.41 846
1.768 -0.28 846
1.769 -0.18 846
1.772 -0.55 846
1.773 -0.23 846
1.776 -0.29 846
1.776 -0.20 846
1.779 -0.11 846
1.780 -0.16 846
1.782 -0.53 846
1.784 -0.52 846
1.785 -0.38 846
1.787 -0.61 846
1.789 -0.65 846
1.789 -0.60 846
1.791 -0.84 846
1.792 -0.53 846
1.793 -0.52 846
1.796 -0.64 846
1.796 -0.45 846
1.799 -0.72 846
1.799 -0.62 846
1.802 -0.61 846
1.802 -0.55 846
1.804 -0.49 846
1.805 -0.39 846
1.807 -0.27 846
1.807 -0.61 846
1.809 -0.61 846
1.810 -0.57 846
1.812 -0.48 846
1.813 -0.42 846
1.815 -0.59 846
1.815 -0.27 846
1.818 -0.31 846
1.820 -0.59 846
1.820 -0.36 846
1.822 -0.36 846
1.823 -0.44 846
1.825 -0.45 846
1.826 -0.26 846
1.828 -0.33 846
1.829 -0.27 846
1.830 -0.61 846
1.833 -0.74 846
1.834 -0.51 846
1.836 -0.55 846
1.836 -0.60 846
1.838 -0.51 846
1.839 -0.68 846
1.840 -0.53 846
1.841 -0.52 846
1.842 -0.35 846
1.843 -0.54 846
1.845 -0.32 846
1.845 -0.34 846
1.847 -0.62 846
1.848 -0.19 846
1.848 -0.24 846
1.849 -0.49 846
1.850 -0.30 846
1.850 -0.17 846
1.852 -0.19 846
1.855 -0.17 846
1.857 -0.23 846
1.859 -0.30 846
1.861 -0.04 846
1.863 -0.65 846
1.864 -0.02 846
1.866 -0.48 846
1.866 -0.22 846
1.868 -0.28 846
1.868 -0.15 846
1.870 -0.32 846
1.871 -0.24 846
1.875 -0.29 846
1.878 -0.21 846
1.878 -0.09 846
1.880 0.03 846
1.880 -0.22 846
1.884 0.00 846
1.886 -0.11 846
1.888 -0.02 846
1.890 0.01 846
1.890 0.07 846
1.892 -0.20 846
1.892 -0.04 846
1.894 -0.09 846
1.894 0.03 846
1.896 -0.17 846
1.896 -0.05 846
1.898 -0.10 846
1.898 -0.18 846
1.900 -0.15 846
1.900 -0.31 846
1.902 -0.46 846
1.902 -0.35 846
1.904 -0.37 846
1.904 -0.36 846
1.906 -0.40 846
1.908 -0.27 846
1.908 -0.53 846
1.910 -0.56 846
1.910 -0.42 846
1.912 -0.42 846
1.912 -0.46 846
1.914 -0.36 846
1.916 -0.38 846
1.918 -0.56 846
1.918 -0.46 846
1.920 -0.44 846
1.922 -0.41 846
1.922 -0.34 846
1.924 -0.08 846
1.924 -0.19 846
1.926 -0.30 846
1.926 -0.33 846
1.928 -0.05 846
1.928 -0.19 846
1.931 -0.16 846
1.933 0.12 846
1.935 -0.28 846
1.937 -0.36 846
1.937 -0.01 846
1.939 -0.18 846
1.939 -0.29 846
1.942 -0.45 846
1.942 -0.09 846
1.944 -0.12 846
1.944 0.01 846
1.946 -0.06 846
1.946 -0.36 846
1.948 -0.26 846
1.948 -0.23 846
1.950 -0.36 846
1.950 -0.60 846
1.952 -0.33 846
1.952 -0.39 846
1.953 -0.51 846
1.953 -0.63 846
1.955 -0.46 846
1.957 -0.45 846
1.959 -0.48 846
1.961 -0.63 846
1.962 -0.51 846
1.962 -0.53 846
1.964 -0.49 846
1.966 -0.63 846
1.966 -0.41 846
1.968 -0.39 846
1.968 -0.41 846
1.969 -0.20 846
1.969 -0.33 846
1.971 -0.19 846
1.972 -0.39 846
1.974 -0.25 846
1.975 -0.03 846
1.979 0.11 846
1.981 -0.21 846
1.981 -0.09 846
1.982 -0.42 846
1.984 -0.39 846
1.985 -0.44 846
1.987 -0.50 846
1.990 -0.39 846
1.993 -0.24 846
1.993 -0.15 846
1.996 -0.43 846
1.996 -0.41 846
1.999 -0.55 846
1.999 -0.32 846
2.002 -0.37 846
2.002 -0.22 846
2.005 -0.24 846
2.005 -0.33 846
2.006 -0.24 846
2.007 -0.26 846
2.007 -0.18 846
2.008 -0.25 846
2.010 -0.25 846
2.010 -0.25 846
2.010 -0.25 846
2.013 -0.25 846
2.013 -0.19 846
2.015 -0.20 846
2.016 -0.22 846
2.016 -0.27 846
2.019 0.05 846
2.019 -0.06 846
2.021 -0.39 846
2.022 0.02 846
2.024 -0.35 846
2.024 -0.12 846
2.024 -0.19 846
2.024 -0.03 846
2.025 -0.12 846
2.026 0.08 846
2.027 0.08 846
2.029 -0.01 846
2.029 -0.41 846
2.030 -0.14 846
2.030 -0.29 846
2.031 -0.23 846
2.032 -0.15 846
2.033 -0.09 846
2.033 -0.11 846
2.033 -0.03 846
2.033 -0.14 846
2.034 -0.17 846
2.034 -0.07 846
2.035 0.14 846
2.035 -0.02 846
2.036 -0.31 846
2.036 -0.02 846
2.037 -0.30 846
2.038 0.12 846
2.038 -0.42 846
2.039 -0.17 846
2.039 0.00 846
2.040 -0.36 846
2.041 -0.22 846
2.041 -0.23 846
2.042 0.00 846
2.042 -0.05 846
2.043 -0.31 846
2.044 -0.27 846
2.044 -0.06 846
2.044 -0.09 846
2.045 0.00 846
2.045 -0.08 846
2.046 -0.19 846
2.046 -0.05 846
2.047 -0.21 846
2.048 -0.29 846
2.050 -0.39 846
2.052 -0.20 846
2.053 -0.56 846
2.055 -0.37 846
2.056 -0.58 846
2.058 -0.63 846
2.060 -0.31 846
2.061 -0.86 846
2.064 -0.65 846
2.064 -0.81 846
2.065 -0.44 846
2.065 -0.50 846
2.067 -0.85 846
2.067 -0.52 846
2.068 -0.56 846
2.070 -0.76 846
2.072 -0.73 846
2.073 -0.79 846
2.075 -0.65 846
2.076 -0.55 846
2.076 -0.75 846
2.078 -0.73 846
2.079 -0.81 846
2.079 -0.84 846
2.079 -0.81 846
2.080 -0.61 846
2.082 -0.65 846
2.082 -0.40 846
2.083 -0.66 846
2.083 -0.49 846
2.083 -0.78 846
2.084 -0.58 846
2.084 -0.57 846
2.086 -0.47 846
2.086 -0.49 846
2.087 -0.54 846
2.089 -0.70 846
2.089 -0.78 846
2.090 -0.54 846
2.091 -0.63 846
2.094 -0.57 846
2.096 -0.56 846
2.098 -0.64 846
2.102 -0.83 846
2.102 -0.65 846
2.104 -0.64 846
2.106 -0.36 846
2.108 -0.59 846
2.108 -0.32 846
2.110 -0.55 846
2.110 -0.27 846
2.114 -0.36 846
2.117 -0.56 846
2.120 -0.53 846
2.124 -0.44 846
2.124 -0.66 846
2.124 -0.71 846
2.124 -0.64 846
2.127 -0.80 846
2.127 -0.53 846
2.131 -0.55 846
2.131 -0.52 846
2.134 -0.50 846
2.134 -0.30 846
2.137 -0.52 846
2.137 -0.47 846
2.140 -0.30 846
2.140 -0.48 846
2.143 -0.87 846
2.143 -0.86 846
2.146 -0.60 846
2.146 -0.75 846
2.148 -0.94 846
2.148 -0.92 846
2.151 -0.79 846
2.151 -1.04 846
2.154 -0.94 846
2.154 -0.91 846
2.156 -1.04 846
2.156 -0.97 846
2.159 -0.80 846
2.159 -0.89 846
2.162 -0.80 846
2.162 -0.96 846
2.164 -0.89 846
2.164 -0.73 846
2.167 -0.91 846
2.167 -0.90 846
2.170 -0.70 846
2.170 -0.73 846
2.173 -0.69 846
2.173 -0.87 846
2.175 -0.45 846
2.175 -0.77 846
2.175 -0.66 846
2.175 -0.69 846
2.178 -0.52 846
2.178 -0.55 846
2.180 -0.42 846
2.180 -0.48 846
2.183 -0.33 846
2.183 -0.28 846
2.186 -0.54 846
2.186 -0.22 846
2.188 -0.31 846
2.191 -0.30 846
2.191 -0.09 846
2.192 -0.22 846
2.194 -0.28 846
2.196 -0.66 846
2.198 -0.38 846
2.199 -0.41 846
2.201 -0.65 846
2.202 -0.40 846
2.204 -0.84 846
2.204 -0.63 846
2.206 -0.27 846
2.207 -0.51 846
2.209 -0.33 846
2.211 -0.71 846
2.211 -0.42 846
2.213 -0.43 846
2.216 -0.35 846
2.218 -0.38 846
2.221 -0.31 846
2.223 -0.45 846
2.223 -0.48 846
2.226 -0.37 846
2.228 -0.37 846
2.231 -0.35 846
2.234 -0.47 846
2.234 -0.53 846
2.236 -0.58 846
2.236 -0.65 846
2.236 -0.44 846
2.236 -0.72 846
2.239 -0.70 846
2.242 -0.71 846
2.242 -0.63 846
2.242 -0.69 846
2.244 -0.67 846
2.247 -0.61 846
2.247 -0.67 846
2.247 -0.80 846
2.247 -0.75 846
2.249 -0.69 846
2.249 -0.53 846
2.252 -0.44 846
2.255 -0.29 846
2.257 -0.02 846
2.257 -0.24 846
2.260 -0.39 846
2.262 -0.46 846
2.262 -0.23 846
2.265 -0.32 846
2.265 -0.24 846
2.267 -0.53 846
2.268 -0.24 846
2.270 -0.43 846
2.270 -0.32 846
2.273 -0.56 846
2.273 -0.65 846
2.275 -0.70 846
2.275 -0.49 846
2.275 -0.82 846
2.278 -0.67 846
2.278 -0.55 846
2.278 -0.51 846
2.278 -0.88 846
2.280 -0.75 846
2.281 -0.74 846
2.281 -0.55 846
2.283 -0.71 846
2.283 -0.80 846
2.283 -0.64 846
2.283 -0.63 846
2.283 -0.71 846
2.285 -0.59 846
2.286 -0.66 846
2.286 -0.64 846
2.287 -0.70 846
2.289 -0.40 846
2.289 -0.76 846
2.291 -0.52 846
2.291 -0.35 846
2.292 -0.72 846
2.294 -0.37 846
2.296 -0.63 846
2.296 -0.31 846
2.296 -0.39 846
2.298 -0.56 846
2.299 -0.42 846
2.299 -0.49 846
2.300 -0.60 846
2.302 -0.28 846
2.304 -0.22 846
2.305 -0.46 846
2.307 -0.30 846
2.307 -0.35 846
2.309 -0.44 846
2.309 -0.43 846
2.312 -0.41 846
2.314 -0.84 846
2.314 -0.76 846
2.314 -0.41 846
2.314 -0.61 846
2.314 -0.26 846
2.317 -0.48 846
2.318 -0.44 846
2.318 -0.70 846
2.318 -0.38 846
2.320 -0.53 846
2.320 -0.34 846
2.322 -0.60 846
2.325 -0.61 846
2.327 -0.60 846
2.330 -0.64 846
2.332 -0.65 846
2.332 -0.40 846
2.332 -0.49 846
2.334 -0.72 846
2.336 -0.18 846
2.336 -0.64 846
2.337 -0.61 846
2.339 -0.49 846
2.342 -0.34 846
2.345 -0.25 846
2.348 -0.13 846
2.352 -0.33 846
2.355 -0.41 846
2.358 -0.38 846
2.361 -0.74 846
2.361 -0.63 846
2.361 -0.43 846
2.361 -0.47 846
2.364 -0.46 846
2.364 -0.84 846
2.368 -0.40 846
2.371 -0.40 846
2.374 -0.28 846
2.377 -0.56 846
2.379 -0.37 846
2.381 -0.41 846
2.384 -0.12 846
2.386 -0.14 846
2.388 -0.04 846
2.391 -0.07 846
2.395 -0.07 846
2.398 0.18 846
2.400 -0.09 846
2.400 -0.37 846
2.403 -0.15 846
2.407 -0.19 846
2.409 -0.47 846
2.409 -0.03 846
2.412 -0.06 846
2.413 -0.06 846
2.415 -0.01 846
2.417 0.09 846
2.419 -0.05 846
2.421 0.02 846
2.423 0.10 846
2.427 0.13 846
2.427 -0.21 846
2.427 -0.17 846
2.431 0.05 846
2.431 -0.28 846
2.435 -0.11 846
2.435 -0.11 846
2.438 -0.20 846
2.440 -0.10 846
2.440 -0.05 846
2.442 -0.47 846
2.442 -0.72 846
2.443 -0.40 846
2.445 -0.64 846
2.447 -0.59 846
2.449 -0.24 846
2.450 -0.49 846
2.452 -0.70 846
2.454 -0.72 846
2.455 -0.71 846
2.455 -0.65 846
2.459 -0.68 846
2.460 -0.49 846
2.462 -0.44 846
2.463 -0.56 846
2.465 -0.51 846
2.467 -0.02 846
2.469 -0.04 846
2.470 -0.19 846
2.472 0.01 846
2.474 -0.21 846
2.477 -0.15 846
2.480 -0.35 846
2.482 -0.61 846
2.484 -0.78 846
2.486 -0.67 846
2.488 -0.77 846
2.489 -0.57 846
2.489 -0.50 846
2.490 -0.84 846
2.492 -0.42 846
2.492 -0.39 846
2.493 -0.62 846
2.494 -0.35 846
2.496 -0.55 846
2.498 -0.51 846
2.499 -0.60 846
2.501 -0.67 846
2.501 -0.73 846
2.505 -0.55 846
2.505 -0.79 846
2.508 -0.29 846
2.509 -0.45 846
2.509 -0.16 846
2.511 -0.46 846
2.512 -0.43 846
2.512 -0.26 846
2.514 -0.55 846
2.515 -0.44 846
2.517 -0.69 846
2.517 -0.46 846
2.520 -0.72 846
2.522 -0.78 846
2.522 -0.80 846
2.523 -0.72 846
2.523 -0.88 846
2.523 -0.84 846
2.524 -0.86 846
2.524 -0.79 846
2.525 -0.91 846
2.525 -0.74 846
2.526 -0.90 846
2.526 -0.85 846
2.527 -0.89 846
2.527 -0.91 846
2.528 -0.72 846
2.528 -0.81 846
2.528 -0.89 846
2.528 -0.83 846
2.529 -0.74 846
2.529 -0.51 846
2.530 -0.89 846
2.531 -0.55 846
2.531 -0.58 846
2.532 -0.84 846
2.532 -0.60 846
2.533 -0.66 846
2.533 -0.58 846
2.534 -0.64 846
2.535 -0.44 846
2.536 -0.53 846
2.536 -0.36 846
2.537 -0.72 846
2.537 -0.78 846
2.538 -0.48 846
2.539 -0.32 846
2.539 -0.10 846
2.540 -0.05 846
2.540 -0.38 846
2.540 -0.51 846
2.542 -0.45 846
2.544 -0.13 846
2.546 -0.05 846
2.547 -0.12 846
2.549 -0.06 846
2.552 -0.06 846
2.555 -0.25 846
2.557 -0.06 846
2.560 -0.25 846
2.563 -0.25 846
2.566 -0.07 846
2.569 -0.12 846
2.572 -0.20 846
2.574 -0.28 846
2.577 -0.03 846
2.580 -0.06 846
2.583 0.02 846
2.586 0.12 846
2.586 -0.16 846
2.589 -0.17 846
2.592 -0.20 846
2.594 -0.15 846
2.596 -0.28 846
2.598 -0.35 846
2.600 -0.58 846
2.603 -0.73 846
2.605 -0.74 846
2.607 -0.54 846
2.609 -0.61 846
2.611 -0.59 846
2.614 -0.46 846
2.616 -0.63 846
2.618 -0.45 846
2.620 -0.34 846
2.622 -0.14 846
2.624 -0.04 846
2.627 -0.14 846
2.633 -0.15 846
2.635 0.06 846
2.637 -0.11 846
2.637 -0.14 846
2.640 -0.06 846
2.642 -0.19 846
2.644 -0.26 846
2.647 -0.61 846
2.647 -0.52 846
2.649 -0.13 846
2.651 -0.40 846
2.654 -0.43 846
2.656 -0.36 846
2.658 -0.37 846
2.663 -0.33 846
2.667 -0.04 846
2.670 0.11 846
2.672 0.08 846
2.674 0.08 846
2.677 0.12 846
2.679 -0.13 846
2.681 -0.12 846
2.684 -0.52 846
2.684 -0.26 846
2.686 -0.41 846
2.689 -0.65 846
2.691 -0.97 846
2.696 -0.41 846
2.696 -0.63 846
2.699 -0.43 846
2.701 -0.38 846
2.704 -0.24 846
2.706 -0.32 846
2.708 -0.37 846
2.708 -0.35 846
2.710 -0.49 846
2.712 -0.55 846
2.714 -0.59 846
2.716 -1.21 846
2.716 -1.18 846
2.721 -0.82 846
2.723 -0.49 846
2.723 -0.77 846
2.725 -0.49 846
2.726 -0.09 846
2.730 -0.43 846
2.732 -0.62 846
2.733 -0.56 846
2.733 -0.27 846
2.735 -0.56 846
2.737 -0.42 846
2.738 -0.16 846
2.740 -0.36 846
2.741 -0.32 846
2.742 -0.24 846
2.744 -0.25 846
2.745 -0.22 846
2.747 -0.47 846
2.749 0.11 846
2.750 -0.12 846
2.751 -0.22 846
2.751 0.16 846
2.752 -0.49 846
2.753 -0.09 846
2.755 -0.23 846
2.755 0.19 846
2.757 -0.20 846
2.757 -0.39 846
2.759 -0.03 846
2.759 0.23 846
2.760 0.01 846
2.761 0.09 846
2.763 -0.17 846
2.765 -0.07 846
2.766 -0.01 846
2.768 -0.08 846
2.770 -0.20 846
2.772 -0.02 846
2.774 -0.32 846
2.776 -0.12 846
2.779 0.06 846
2.785 -0.05 846
2.787 -0.02 846
2.789 -0.06 846
2.792 -0.03 846
2.795 -0.16 846
2.795 -0.41 846
2.798 -0.31 846
2.802 -0.17 846
2.807 -0.28 846
2.810 -0.59 846
2.813 -0.42 846
2.815 -0.62 846
2.817 -0.09 846
2.822 -0.36 846
2.824 0.13 846
2.824 0.01 846
2.826 -0.22 846
2.826 0.08 846
2.829 -0.35 846
2.829 0.14 846
2.832 0.01 846
2.836 0.18 846
2.836 -0.17 846
2.838 -0.01 846
2.840 -0.02 846
2.841 -0.24 846
2.841 -0.05 846
2.843 -0.07 846
2.843 0.01 846
2.845 -0.11 846
2.848 0.20 846
2.850 -0.12 846
2.852 -0.26 846
2.852 -0.09 846
2.853 -0.05 846
2.853 -0.15 846
2.856 -0.25 846
2.857 -0.28 846
2.859 -0.23 846
2.862 0.07 846
2.864 -0.23 846
2.866 0.12 846
2.868 0.11 846
2.871 0.05 846
2.873 0.03 846
2.875 -0.30 846
2.876 -0.33 846
2.878 -0.41 846
2.880 -0.38 846
2.881 -0.43 846
2.883 -0.55 846
2.885 -0.63 846
2.887 -0.57 846
2.889 -0.31 846
2.891 -0.40 846
2.892 -0.43 846
2.894 -0.42 846
2.896 -0.39 846
2.898 -0.35 846
2.901 -0.40 846
2.903 -0.24 846
2.905 -0.49 846
2.909 -0.59 846
2.913 -0.23 846
2.913 -0.40 846
2.916 -0.07 846
2.916 -0.30 846
2.920 -0.10 846
2.920 -0.62 846
2.924 -0.61 846
2.924 -0.17 846
2.926 -0.38 846
2.928 -0.47 846
2.929 -0.38 846
2.930 -0.24 846
2.931 -0.32 846
2.933 -0.57 846
2.934 -0.66 846
2.934 -0.69 846
2.935 -0.77 846
2.935 -0.50 846
2.936 -0.73 846
2.936 -0.56 846
2.938 -0.76 846
2.939 -0.73 846
2.940 -0.80 846
2.941 -0.53 846
2.942 -0.47 846
2.944 -0.37 846
2.946 -0.36 846
2.948 -0.30 846
2.951 -0.11 846
2.954 -0.31 846
2.955 -0.19 846
2.957 -0.23 846
2.958 -0.33 846
2.959 -0.14 846
2.959 -0.11 846
2.961 -0.01 846
2.963 -0.01 846
2.964 -0.31 846
2.965 -0.16 846
2.965 -0.37 846
2.966 -0.39 846
2.966 -0.18 846
2.967 -0.07 846
2.968 -0.20 846
2.971 -0.20 846
2.973 -0.32 846
2.975 -0.37 846
2.977 -0.32 846
2.980 0.02 846
2.982 0.00 846
2.984 -0.01 846
2.989 -0.31 846
2.991 -0.21 846
2.994 -0.11 846
2.996 -0.18 846
2.998 -0.32 846
3.000 -0.23 846
3.000 -0.33 846
3.003 -0.20 846
3.006 -0.23 846
3.008 -0.16 846
3.009 -0.20 846
3.011 -0.20 846
3.011 -0.20 846
3.014 -0.39 846
3.014 -0.48 846
3.016 -0.42 846
3.018 -0.38 846
3.020 -0.52 846
3.020 -0.37 846
3.023 -0.56 846
3.025 -0.48 846
3.027 -0.45 846
3.029 -0.49 846
3.029 -0.64 846
3.032 -0.41 846
3.034 -0.27 846
3.036 -0.18 846
3.038 -0.42 846
3.041 -0.59 846
3.043 -0.55 846
3.046 -0.48 846
3.048 -0.46 846
3.051 -0.54 846
3.053 -0.46 846
3.055 -0.37 846
3.058 -0.46 846
3.060 -0.66 846
3.063 -0.54 846
3.065 -0.53 846
3.066 -0.31 846
3.068 -0.14 846
3.070 -0.31 846
3.072 -0.44 846
3.073 -0.80 846
3.075 -0.22 846
3.079 0.02 846
3.080 -0.10 846
3.082 -0.20 846
3.084 0.17 846
3.086 0.11 846
3.089 0.18 846
3.092 0.16 846
3.095 0.09 846
3.098 0.18 846
3.101 0.13 846
3.104 -0.14 846
3.107 -0.09 846
3.110 0.01 846
3.110 -0.40 846
3.113 -0.04 846
3.116 0.19 846
3.116 -0.27 846
3.119 -0.25 846
3.119 -0.18 846
3.122 -0.11 846
3.125 -0.27 846
3.128 -0.25 846
3.131 -0.29 846
3.134 -0.33 846
3.134 -0.35 846
3.136 -0.29 846
3.136 -0.33 846
3.139 -0.26 846
3.139 -0.44 846
3.141 -0.40 846
3.144 -0.48 846
3.144 -0.59 846
3.146 -0.78 846
3.146 -0.58 846
3.148 -0.25 846
3.151 -0.49 846
3.153 -0.38 846
3.153 -0.18 846
3.153 -0.27 846
3.156 -0.04 846
3.156 -0.47 846
3.156 -0.25 846
3.156 -0.51 846
3.158 -0.23 846
3.162 -0.23 846
3.162 0.00 846
3.165 -0.11 846
3.168 -0.06 846
3.171 -0.10 846
3.177 -0.18 846
3.180 -0.05 846
3.180 -0.37 846
3.186 -0.14 846
3.189 -0.05 846
3.189 -0.13 846
3.192 -0.02 846
3.195 0.16 846
3.198 0.10 846
3.203 0.14 846
3.203 0.04 846
3.209 0.09 846
3.216 -0.05 846
3.224 -0.16 846
3.226 0.17 846
3.230 0.16 846
3.234 0.02 846
3.238 0.10 846
3.238 0.22 846
3.241 0.09 846
3.244 0.03 846
3.245 -0.08 846
3.248 0.20 846
3.249 0.00 846
3.250 0.22 846
3.252 0.03 846
3.254 0.11 846
3.254 0.14 846
3.255 0.04 846
3.257 0.00 846
3.259 0.24 846
3.263 0.20 846
3.268 0.00 846
3.272 0.14 846
3.276 0.21 846
3.280 0.15 846
3.284 0.06 846
3.287 0.31 846
3.290 0.00 846
3.293 -0.03 846
3.296 0.05 846
3.296 0.19 846
3.299 -0.23 846
3.301 -0.01 846
3.301 -0.16 846
3.304 0.00 846
3.305 -0.64 846
3.305 -0.37 846
3.308 -0.50 846
3.311 -0.27 846
3.313 -0.31 846
3.316 -0.28 846
3.319 -0.14 846
3.322 0.04 846
3.327 0.00 846
3.329 0.09 846
3.331 -0.06 846
3.333 -0.10 846
3.335 -0.05 846
3.337 -0.33 846
3.339 -0.56 846
3.339 -0.58 846
3.341 -0.43 846
3.343 -0.63 846
3.345 -0.68 846
3.347 -0.57 846
3.350 -0.59 846
3.352 -0.56 846
3.354 -0.54 846
3.356 -0.50 846
3.358 -0.56 846
3.360 -0.37 846
3.362 -0.39 846
3.364 -0.10 846
3.366 -0.03 846
3.368 -0.15 846
3.370 -0.29 846
3.375 -0.23 846
3.378 -0.30 846
3.381 -0.28 846
3.384 -0.48 846
3.387 -0.11 846
3.390 -0.12 846
3.393 -0.12 846
3.396 -0.11 846
3.399 -0.05 846
3.402 -0.06 846
3.404 -0.23 846
3.406 -0.22 846
3.408 -0.12 846
3.410 0.02 846
3.412 -0.36 846
3.414 -0.32 846
3.417 -0.41 846
3.419 -0.09 846
3.421 -0.19 846
3.421 -0.03 846
3.423 -0.03 846
3.424 -0.43 846
3.426 -0.44 846
3.428 -0.34 846
3.429 -0.57 846
3.429 -0.42 846
3.431 -0.53 846
3.433 -0.45 846
3.434 -0.55 846
3.436 -0.44 846
3.438 -0.53 846
3.439 -0.37 846
3.441 -0.57 846
3.443 -0.41 846
3.444 -0.22 846
3.446 -0.07 846
3.447 -0.27 846
3.447 -0.04 846
3.451 -0.29 846
3.452 -0.23 846
3.454 -0.36 846
3.456 -0.54 846
3.457 -0.36 846
3.459 -0.28 846
3.461 -0.24 846
3.462 -0.26 846
3.464 -0.29 846
3.467 -0.33 846
3.470 -0.43 846
3.473 -0.41 846
3.476 -0.65 846
3.479 -0.68 846
3.482 -0.66 846
3.485 -0.45 846
3.485 -0.36 846
3.488 -0.42 846
3.491 -0.43 846
3.494 -0.52 846
3.497 -0.26 846
3.501 -0.32 846
3.506 -0.36 846
3.510 -0.14 846
3.514 -0.17 846
3.517 -0.23 846
3.520 -0.34 846
3.522 -0.48 846
3.525 -0.43 846
3.527 -0.14 846
3.527 -0.21 846
3.528 -0.29 846
3.531 -0.24 846
3.534 -0.31 846
3.537 -0.22 846
3.539 -0.17 846
3.540 -0.26 846
3.542 -0.12 846
3.553 -0.23 846
3.556 -0.23 846
3.556 -0.08 846
3.558 -0.18 846
3.560 -0.39 846
3.562 -0.32 846
3.563 -0.20 846
3.565 -0.07 846
3.567 -0.04 846
3.567 -0.35 846
3.569 -0.19 846
3.570 -0.09 846
3.572 -0.01 846
3.572 -0.08 846
3.574 0.07 846
3.576 0.00 846
3.580 0.04 846
3.587 -0.03 846
3.587 -0.08 846
3.594 0.15 846
3.594 -0.45 846
3.597 0.01 846
3.601 -0.48 846
3.611 -0.08 846
3.618 -0.21 846
3.621 -0.32 846
3.624 -0.27 846
3.628 -0.28 846
3.631 -0.41 846
3.634 -0.23 846
3.634 -0.49 846
3.637 -0.24 846
3.640 -0.21 846
3.643 -0.18 846
3.647 -0.20 846
3.650 -0.23 846
3.653 -0.07 846
3.653 -0.35 846
3.658 -0.43 846
3.658 -0.24 846
3.663 -0.24 846
3.664 -0.30 846
3.668 -0.50 846
3.673 -0.27 846
3.674 -0.71 846
3.678 -0.57 846
3.679 -0.89 846
3.681 -0.56 846
3.682 -0.55 846
3.683 -0.61 846
3.683 -0.23 846
3.685 -0.04 846
3.686 -0.15 846
3.686 -0.54 846
3.688 -0.14 846
3.690 -0.42 846
3.693 -0.35 846
3.697 -0.03 846
3.700 -0.29 846
3.700 -0.09 846
3.704 -0.11 846
3.708 -0.16 846
3.711 -0.19 846
3.713 -0.26 846
3.713 -0.26 846
3.716 -0.37 846
3.719 -0.45 846
3.722 -0.52 846
3.725 -0.50 846
3.727 -0.23 846
3.729 -0.10 846
3.733 -0.48 846
3.733 -0.17 846
3.737 -0.03 846
3.741 -0.08 846
3.745 0.04 846
3.749 -0.04 846
3.753 -0.23 846
3.756 -0.23 846
3.759 -0.20 846
3.762 -0.23 846
3.765 -0.25 846
3.768 -0.17 846
3.770 -0.22 846
3.774 -0.14 846
3.779 -0.08 846
3.783 -0.09 846
3.786 -0.37 846
3.790 -0.29 846
3.794 -0.14 846
3.799 -0.25 846
3.803 -0.16 846
3.808 -0.29 846
3.811 -0.34 846
3.816 -0.31 846
3.820 -0.45 846
3.828 -0.46 846
3.833 -0.36 846
3.837 -0.35 846
3.841 -0.56 846
3.846 -0.40 846
3.846 -0.31 846
3.855 -0.25 846
3.858 -0.19 846
3.861 -0.05 846
3.864 -0.27 846
3.864 -0.10 846
3.868 -0.07 846
3.872 -0.28 846
3.876 -0.37 846
3.879 -0.45 846
3.883 -0.51 846
3.887 -0.31 846
3.891 -0.27 846
3.894 -0.27 846
3.897 -0.27 846
3.902 -0.03 846
3.905 0.01 846
3.908 0.01 846
3.912 -0.10 846
3.915 -0.07 846
3.918 -0.34 846
3.920 -0.50 846
3.921 -0.33 846
3.923 -0.40 846
3.923 -0.34 846
3.925 -0.43 846
3.927 -0.46 846
3.929 -0.22 846
3.931 -0.30 846
3.935 -0.44 846
3.938 -0.46 846
3.941 -0.28 846
3.941 -0.17 846
3.944 -0.41 846
3.947 -0.31 846
3.949 -0.04 846
3.952 -0.26 846
3.954 -0.31 846
3.959 -0.16 846
3.961 -0.21 846
3.964 -0.07 846
3.966 -0.19 846
3.980 -0.27 846
3.984 -0.12 846
3.990 -0.09 846
3.992 -0.42 846
4.003 -0.23 846
4.003 -0.48 846
4.009 0.13 846
4.011 0.13 846
4.013 -0.12 846
4.016 0.03 846
4.016 -0.21 846
4.023 0.08 846
4.023 -0.15 846
4.027 -0.31 846
4.048 -0.08 846
4.058 -0.15 846
4.062 -0.22 846
4.076 -0.22 846
4.107 -0.31 846
4.117 -0.15 846
4.117 -0.15 846
4.122 0.01 846
4.126 -0.08 846
4.130 0.07 846
4.140 -0.50 846
4.140 -0.61 846
4.149 -0.31 846
4.176 -0.39 846
4.179 -0.39 846
4.180 -0.44 846
4.181 -0.34 846
4.184 -0.43 846
4.185 -0.17 846
4.187 -0.84 846
4.188 -0.51 846
4.190 -0.36 846
4.197 -0.71 846
4.198 -0.30 846
4.206 -0.50 846
4.206 -0.23 846
4.213 -0.67 846
4.216 -0.17 846
4.219 -0.35 846
4.219 -0.09 846
4.229 -0.11 846
4.233 -0.41 846
4.247 -0.33 846
4.247 -0.29 846
4.249 -0.44 846
4.251 -0.49 846
4.259 -0.28 846
4.273 -0.19 846
4.285 -0.17 846
4.291 -0.24 846
4.319 -0.38 846
4.321 -0.22 846
4.323 -0.26 846
4.325 -0.76 846
4.329 -0.43 846
4.331 -0.42 846
4.333 -0.08 846
4.335 -0.62 846
4.335 -0.11 846
4.337 -0.22 846
4.337 -0.18 846
4.337 -0.24 846
4.348 -0.18 846
4.351 -0.09 846
4.355 -0.13 846
4.358 -0.44 846
4.358 0.03 846
4.361 0.01 846
4.364 -0.12 846
4.377 -0.29 846
4.377 0.08 846
4.380 -0.22 846
4.380 -0.14 846
4.383 -0.55 846
4.388 0.11 846
4.390 -0.59 846
4.393 -0.21 846
4.396 0.00 846
4.398 -0.07 846
4.406 0.10 846
4.406 -0.02 846
4.409 -0.22 846
4.409 -0.09 846
4.418 -0.21 846
4.418 -0.21 846
4.421 -0.24 846
4.421 -0.36 846
4.424 -0.28 846
4.428 -0.13 846
4.431 -0.26 846
4.434 -0.22 846
4.438 -0.25 846
4.441 -0.35 846
4.444 -0.61 846
4.450 -0.15 846
4.457 -0.20 846
4.461 -0.17 846
4.464 -0.05 846
4.467 -0.27 846
4.471 -0.26 846
4.474 -0.25 846
4.478 -0.10 846
4.481 -0.59 846
4.485 -0.25 846
4.485 -0.59 846
4.489 -0.01 846
4.496 -0.73 846
4.498 -0.33 846
4.500 -0.52 846
4.502 -0.15 846
4.502 -0.65 846
4.504 -0.48 846
4.506 -0.40 846
4.509 -0.81 846
4.517 -0.23 846
4.521 -0.41 846
4.523 -0.72 846
4.526 -0.57 846
4.528 -0.37 846
4.529 -0.48 846
4.530 -0.53 846
4.531 -0.49 846
4.532 -0.43 846
4.533 -0.36 846
4.535 -0.29 846
4.537 -0.33 846
4.540 -0.33 846
4.541 -0.33 846
4.543 -0.61 846
4.545 -0.39 846
4.547 -0.51 846
4.549 -0.51 846
4.551 -0.30 846
4.552 -0.76 846
4.553 -0.17 846
4.555 -0.72 846
4.555 -0.13 846
4.559 -0.52 846
4.559 -0.43 846
4.563 -0.42 846
4.565 -0.39 846
4.568 -0.54 846
4.570 -0.35 846
4.573 -0.56 846
4.575 -0.62 846
4.575 -0.76 846
4.578 -0.82 846
4.581 -0.89 846
4.583 -0.71 846
4.585 -0.64 846
4.587 -0.61 846
4.591 -0.61 846
4.592 -1.13 846
4.594 -0.74 846
4.594 -0.57 846
4.595 -0.80 846
4.595 -0.63 846
4.597 -0.89 846
4.600 -0.57 846
4.602 -0.53 846
4.604 -0.42 846
4.606 -0.62 846
4.607 -0.38 846
4.611 -0.42 846
4.614 -0.20 846
4.614 -0.57 846
4.616 -0.38 846
4.618 -0.45 846
4.619 -0.64 846
4.621 -0.51 846
4.623 -0.57 846
4.625 -0.77 846
4.626 -0.68 846
4.628 -0.73 846
4.631 -0.89 846
4.633 -0.57 846
4.636 -0.51 846
4.638 -0.52 846
4.640 -0.43 846
4.643 -0.41 846
4.645 -0.32 846
4.648 -0.63 846
4.651 -0.39 846
4.654 -0.31 846
4.654 -0.55 846
4.657 -0.75 846
4.663 -0.23 846
4.663 -0.69 846
4.670 -0.52 846
4.672 -0.72 846
4.673 -0.85 846
4.674 -0.96 846
4.676 -0.91 846
4.678 -0.77 846
4.678 -0.34 846
4.679 -0.26 846
4.680 -0.91 846
4.681 -0.53 846
4.681 -0.58 846
4.682 -0.58 846
4.682 -0.58 846
4.684 -0.88 846
4.684 -0.78 846
4.684 -0.67 846
4.689 -0.66 846
4.691 -0.40 846
4.693 -0.39 846
4.693 -0.84 846
4.693 -0.78 846
4.695 -0.75 846
4.700 -0.40 846
4.702 -0.54 846
4.704 -0.15 846
4.705 -0.73 846
4.706 -0.41 846
4.706 -0.70 846
4.708 -0.52 846
4.711 -0.52 846
4.718 -0.44 846
4.721 -0.23 846
4.722 -0.23 846
4.723 -0.17 846
4.724 -0.09 846
4.726 -0.15 846
4.726 -0.14 846
4.728 -0.28 846
4.731 -0.15 846
4.731 -0.21 846
4.733 -0.16 846
4.734 -0.12 846
4.735 -0.24 846
4.735 0.04 846
4.735 -0.61 846
4.735 -0.48 846
4.735 -0.24 846
4.737 -0.10 846
4.740 -0.54 846
4.740 -0.54 846
4.740 -0.09 846
4.742 -0.31 846
4.742 -0.20 846
4.742 -0.29 846
4.743 -0.26 846
4.745 -0.40 846
4.745 -0.21 846
4.745 -0.53 846
4.745 -0.42 846
4.745 -0.36 846
4.746 -0.45 846
4.748 -0.61 846
4.751 -0.63 846
4.758 -0.75 846
4.758 -0.62 846
4.761 -0.37 846
4.763 -0.33 846
4.764 -0.25 846
4.766 -0.24 846
4.767 -0.13 846
4.768 -0.12 846
4.769 -0.24 846
4.772 -0.24 846
4.776 -0.23 846
4.781 -0.46 846
4.787 -0.51 846
4.791 -0.45 846
4.793 -0.40 846
4.794 -0.49 846
4.796 -0.38 846
4.797 -0.23 846
4.798 -0.28 846
4.800 -0.15 846
4.823 -0.54 846
4.823 -0.83 846
4.825 -0.44 846
4.826 -0.64 846
4.828 -0.66 846
4.829 -0.59 846
4.830 -0.71 846
4.833 -0.55 846
4.837 -0.72 846
4.839 -0.53 846
4.841 -0.90 846
4.842 -0.41 846
4.843 -0.90 846
4.844 -0.65 846
4.845 -0.44 846
4.846 -0.10 846
4.848 -0.56 846
4.849 -0.15 846
4.850 -0.12 846
4.851 0.01 846
4.852 -0.20 846
4.852 -0.43 846
4.854 -0.29 846
4.854 -0.23 846
4.856 -0.74 846
4.856 -0.46 846
4.859 -0.51 846
4.861 -0.35 846
4.861 -0.78 846
4.864 -0.61 846
4.866 -0.63 846
4.869 -0.55 846
4.871 -0.75 846
4.874 -0.94 846
4.876 -0.88 846
4.879 -0.76 846
4.881 -0.84 846
4.883 -0.75 846
4.885 -0.65 846
4.887 -0.54 846
4.890 -0.56 846
4.892 -0.55 846
4.892 -0.45 846
4.895 -0.59 846
4.895 -0.64 846
4.897 -0.32 846
4.897 -0.39 846
4.900 -0.53 846
4.900 -0.35 846
4.902 -0.37 846
4.902 -0.41 846
4.904 -0.22 846
4.904 -0.32 846
4.907 -0.42 846
4.907 -0.37 846
4.909 -0.53 846
4.909 -0.23 846
4.911 -0.36 846
4.914 -0.48 846
4.916 -0.38 846
4.918 -0.46 846
4.920 -0.46 846
4.920 -0.64 846
4.922 -0.68 846
4.922 -0.69 846
4.925 -0.56 846
4.925 -0.62 846
4.927 -0.71 846
4.927 -0.62 846
4.928 -0.45 846
4.928 -0.59 846
4.930 -0.54 846
4.932 -0.62 846
4.933 -0.53 846
4.936 -0.49 846
4.938 -0.54 846
4.940 -0.47 846
4.943 -0.53 846
4.943 -0.63 846
4.947 -0.44 846
4.947 -0.33 846
4.951 -0.40 846
4.951 -0.63 846
4.955 -0.41 846
4.955 -0.62 846
4.955 -0.31 846
4.959 -0.30 846
4.959 -0.18 846
4.963 -0.42 846
4.965 -0.47 846
4.969 -0.89 846
4.974 -0.51 846
4.981 -0.58 846
4.981 -0.59 846
4.983 -0.52 846
4.984 -0.53 846
4.988 -0.37 846
4.994 -0.52 846
4.994 -0.37 846
4.998 -0.42 846
5.002 -0.40 846
5.006 -0.30 846
5.010 -0.38 846
5.015 -0.32 846
5.019 -0.31 846
5.024 -0.76 846
5.029 -0.54 846
5.029 -0.72 846
5.035 -0.55 846
5.038 -0.63 846
5.041 -0.83 846
5.045 -0.76 846
5.049 -0.84 846
5.052 -0.66 846
5.057 -0.54 846
5.061 -0.45 846
5.065 -0.27 846
5.069 -0.46 846
5.072 -0.27 846
5.076 -0.48 846
5.082 -0.70 846
5.086 -1.10 846
5.089 -0.82 846
5.091 -0.80 846
5.094 -0.61 846
5.094 -0.66 846
5.095 -0.81 846
5.099 -1.09 846
5.103 -1.15 846
5.105 -0.97 846
5.108 -0.84 846
5.111 -0.80 846
5.117 -1.00 846
5.120 -0.77 846
5.122 -0.55 846
5.124 -0.58 846
5.128 -0.52 846
5.132 -0.50 846
5.134 -0.55 846
5.136 -0.53 846
5.140 -0.28 846
5.141 -0.45 846
5.142 -0.16 846
5.143 -0.34 846
5.145 -0.51 846
5.146 -0.54 846
5.147 -0.40 846
5.147 -0.33 846
5.148 -0.51 846
5.150 -0.54 846
5.152 -0.53 846
5.154 -0.49 846
5.156 -0.48 846
5.157 -0.58 846
5.160 -0.86 846
5.162 -0.68 846
5.164 -0.76 846
5.167 -0.41 846
5.168 -0.38 846
5.169 -0.46 846
5.170 -0.22 846
5.170 -0.33 846
5.172 -0.42 846
5.175 -0.81 846
5.179 -0.45 846
5.187 -0.50 846
5.189 -0.55 846
5.191 -0.72 846
5.193 -0.42 846
5.194 -0.38 846
5.196 -0.76 846
5.224 -0.39 846
5.237 -0.84 846
5.239 -0.43 846
5.241 -0.25 846
5.242 -0.57 846
5.243 -0.54 846
5.244 -0.84 846
5.246 -0.62 846
5.247 -0.38 846
5.248 -0.39 846
5.249 -0.43 846
5.251 -0.15 846
5.253 -0.40 846
5.255 -0.13 846
5.257 -0.29 846
5.259 -0.27 846
5.261 -0.17 846
5.264 -0.23 846
5.266 -0.30 846
5.269 -0.25 846
5.269 -0.36 846
5.271 -0.41 846
5.271 -0.36 846
5.272 -0.56 846
5.273 -0.28 846
5.274 -0.48 846
5.276 -0.44 846
5.277 -0.29 846
5.279 -0.17 846
5.281 -0.30 846
5.283 -0.09 846
5.284 -0.21 846
5.286 -0.11 846
5.286 -0.01 846
5.288 -0.03 846
5.288 -0.36 846
5.289 0.14 846
5.289 -0.44 846
5.291 -0.15 846
5.293 0.03 846
5.294 -0.16 846
5.295 -0.06 846
5.298 -0.30 846
5.299 -0.16 846
5.302 0.23 846
5.304 0.05 846
5.306 -0.04 846
5.309 -0.03 846
5.312 0.18 846
5.315 0.11 846
5.318 -0.03 846
5.320 -0.11 846
5.322 -0.29 846
5.322 0.11 846
5.327 -0.11 846
5.330 0.00 846
5.332 -0.07 846
5.332 -0.28 846
5.336 -0.34 846
5.338 -0.20 846
5.340 -0.21 846
5.343 -0.08 846
5.347 -0.31 846
5.350 0.05 846
5.352 -0.09 846
5.357 -0.27 846
5.357 -0.37 846
5.361 -0.62 846
5.365 -0.33 846
5.369 -0.34 846
5.371 -0.57 846
5.372 -0.36 846
5.373 -0.43 846
5.373 -0.50 846
5.377 -0.42 846
5.381 -0.42 846
5.381 -0.25 846
5.384 -0.23 846
5.386 -0.30 846
5.388 -0.17 846
5.391 -0.16 846
5.393 -0.15 846
5.394 -0.11 846
5.396 -0.20 846
5.397 -0.19 846
5.398 0.07 846
5.400 -0.11 846
5.401 0.03 846
5.401 0.10 846
5.403 -0.01 846
5.405 -0.03 846
5.406 0.02 846
5.408 -0.15 846
5.409 -0.18 846
5.411 -0.06 846
5.412 -0.14 846
5.413 -0.02 846
5.415 -0.06 846
5.418 -0.01 846
5.420 -0.04 846
5.422 -0.06 846
5.425 -0.15 846
5.427 -0.26 846
5.430 -0.35 846
5.432 -0.31 846
5.432 -0.39 846
5.435 -0.26 846
5.437 -0.56 846
5.437 -0.35 846
5.444 -0.32 846
5.444 -0.42 846
5.447 -0.25 846
5.450 -0.22 846
5.453 -0.13 846
5.455 -0.31 846
5.457 -0.28 846
5.459 -0.12 846
5.461 -0.50 846
5.464 -0.37 846
5.464 -0.48 846
5.466 -0.30 846
5.468 -0.43 846
5.470 -0.36 846
5.472 -0.61 846
5.474 -0.33 846
5.476 -0.34 846
5.479 -0.32 846
5.481 -0.39 846
5.485 -0.12 846
5.486 -0.11 846
5.488 -0.10 846
5.489 -0.08 846
5.491 -0.39 846
5.491 -0.01 846
5.493 -0.38 846
5.494 -0.28 846
5.495 -0.14 846
5.496 -0.08 846
5.497 -0.13 846
5.497 -0.36 846
5.498 -0.30 846
5.500 -0.39 846
5.501 -0.32 846
5.502 -0.30 846
5.502 -0.40 846
5.504 -0.11 846
5.506 -0.25 846
5.508 -0.62 846
5.509 -0.14 846
5.510 -0.15 846
5.512 -0.59 846
5.514 -0.77 846
5.518 -0.46 846
5.523 -0.42 846
5.528 -0.58 846
5.531 -0.43 846
5.533 -0.39 846
5.536 -0.74 846
5.537 -0.72 846
5.539 -0.33 846
5.540 -0.40 846
5.542 -0.04 846
5.543 0.01 846
5.545 -0.02 846
5.546 0.01 846
5.546 -0.05 846
5.548 -0.10 846
5.550 0.07 846
5.552 -0.27 846
5.554 -0.25 846
5.556 -0.17 846
5.558 -0.33 846
5.560 -0.31 846
5.562 -0.21 846
5.564 -0.35 846
5.566 -0.24 846
5.568 -0.35 846
5.570 -0.31 846
5.570 -0.56 846
5.571 -0.50 846
5.573 -0.30 846
5.574 -0.06 846
5.576 -0.20 846
5.577 -0.02 846
5.578 -0.11 846
5.580 -0.14 846
5.581 -0.33 846
5.583 -0.32 846
5.584 -0.28 846
5.585 -0.22 846
5.587 0.02 846
5.587 0.10 846
5.588 -0.18 846
5.589 -0.31 846
5.591 -0.31 846
5.592 -0.12 846
5.593 -0.21 846
5.594 -0.18 846
5.595 -0.19 846
5.597 -0.17 846
5.597 -0.17 846
5.598 -0.33 846
5.599 -0.15 846
5.600 -0.12 846
5.600 -0.27 846
5.601 -0.17 846
5.603 -0.20 846
5.604 -0.15 846
5.605 -0.25 846
5.606 -0.18 846
5.608 -0.35 846
5.609 -0.29 846
5.610 -0.38 846
5.610 -0.06 846
5.610 -0.29 846
5.611 -0.25 846
5.612 -0.28 846
5.614 -0.40 846
5.615 -0.38 846
5.616 -0.18 846
5.617 -0.42 846
5.619 -0.19 846
5.619 -0.43 846
5.620 0.04 846
5.621 -0.20 846
5.621 -0.36 846
5.622 -0.22 846
5.623 -0.29 846
5.623 0.03 846
5.625 -0.30 846
5.628 -0.32 846
5.630 -0.05 846
5.631 -0.44 846
5.632 -0.30 846
5.634 -0.37 846
5.637 -0.34 846
5.640 -0.26 846
5.644 -0.24 846
5.646 -0.26 846
5.648 -0.19 846
5.650 -0.25 846
5.652 -0.09 846
5.654 -0.09 846
5.656 0.00 846
5.660 -0.29 846
5.662 -0.16 846
5.664 -0.07 846
5.666 -0.31 846
5.668 -0.33 846
5.670 -0.39 846
5.671 -0.28 846
5.673 -0.25 846
5.675 -0.23 846
5.677 -0.36 846
5.679 -0.38 846
5.681 -0.35 846
5.684 -0.37 846
5.687 -0.44 846
5.690 -0.34 846
5.692 -0.40 846
5.693 -0.46 846
5.696 -0.38 846
5.697 -0.29 846
5.700 -0.45 846
5.705 -0.95 846
5.712 0.05 846
5.720 -0.18 846
5.723 -0.10 846
5.724 -0.23 846
5.726 -0.44 846
5.729 -0.46 846
5.731 -0.19 846
5.733 -0.15 846
5.735 0.05 846
5.738 0.10 846
5.739 0.13 846
5.741 -0.03 846
5.743 0.15 846
5.745 0.03 846
5.745 -0.11 846
5.747 0.00 846
5.749 -0.03 846
5.750 0.05 846
5.751 -0.28 846
5.751 -0.26 846
5.751 -0.45 846
5.752 -0.67 846
5.752 -0.27 846
5.752 -0.39 846
5.752 -0.58 846
5.752 -0.17 846
5.752 -0.24 846
5.753 -0.63 846
5.753 -0.56 846
5.753 -0.73 846
5.753 -0.64 846
5.753 -0.65 846
5.754 -0.70 846
5.754 -0.68 846
5.754 -0.61 846
5.754 -0.68 846
5.754 -0.76 846
5.754 -0.74 846
5.755 -0.72 846
5.755 -0.79 846
5.755 -0.54 846
5.755 -0.62 846
5.755 -0.67 846
5.755 -0.45 846
5.755 -0.66 846
5.756 -0.79 846
5.756 -0.35 846
5.756 -0.68 846
5.756 -0.50 846
5.757 -0.38 846
5.757 -0.51 846
5.757 -0.70 846
5.757 -0.78 846
5.758 -0.27 846
5.758 -0.39 846
5.758 -0.63 846
5.758 -0.36 846
5.759 -0.36 846
5.759 -0.36 846
5.759 -0.45 846
5.759 -0.60 846
5.760 -0.26 846
5.760 -0.35 846
5.761 -0.30 846
5.761 -0.44 846
5.762 -0.26 846
5.762 -0.80 846
5.762 -0.43 846
5.763 -0.31 846
5.763 -0.82 846
5.763 -0.53 846
5.764 -0.21 846
5.765 -0.32 846
5.767 -0.61 846
5.767 -0.61 846
5.769 -0.56 846
5.769 -0.42 846
5.770 -0.58 846
5.771 -0.66 846
5.772 -0.69 846
5.772 -0.59 846
5.772 -0.37 846
5.773 -0.46 846
5.773 -0.68 846
5.775 -0.75 846
5.777 -0.49 846
5.778 -0.35 846
5.780 -0.41 846
5.782 -0.47 846
5.785 -0.32 846
5.787 -0.57 846
5.789 -0.66 846
5.791 -0.79 846
5.792 -0.46 846
5.792 -0.77 846
5.794 -0.69 846
5.794 -0.79 846
5.795 -0.53 846
5.795 -0.58 846
5.795 -0.46 846
5.795 -0.47 846
5.795 -0.22 846
5.796 -0.16 846
5.796 -0.16 846
5.797 -0.29 846
5.798 -0.24 846
5.798 -0.54 846
5.798 -0.37 846
5.799 -0.55 846
5.799 -0.37 846
5.799 -0.27 846
5.799 -0.37 846
5.799 -0.36 846
5.800 -0.34 846
5.800 -0.48 846
5.800 -0.45 846
5.800 -0.27 846
5.800 -0.49 846
5.800 -0.49 846
5.801 -0.44 846
5.801 -0.46 846
5.801 -0.44 846
5.802 -0.46 846
5.802 -0.66 846
5.802 -0.82 846
5.803 -0.79 846
5.803 -0.39 846
5.803 -0.70 846
5.803 -0.57 846
5.803 -0.70 846
5.804 -0.40 846
5.804 -0.46 846
5.805 -0.59 846
5.805 -0.30 846
5.805 -0.46 846
5.806 -0.50 846
5.806 -0.36 846
5.806 -0.60 846
5.807 -0.48 846
5.807 -0.68 846
5.807 -0.51 846
5.807 -0.46 846
5.808 -0.40 846
5.808 -0.48 846
5.808 -0.37 846
5.808 -0.47 846
5.808 -0.35 846
5.809 -0.47 846
5.809 -0.57 846
5.809 -0.46 846
5.810 -0.26 846
5.810 -0.37 846
5.810 -0.26 846
5.811 -0.20 846
5.812 -0.27 846
5.812 -0.25 846
5.813 -0.25 846
5.813 -0.28 846
5.814 -0.38 846
5.814 -0.29 846
5.815 -0.40 846
5.816 -0.26 846
5.816 -0.49 846
5.818 -0.31 846
5.820 -0.35 846
5.822 -0.24 846
5.824 -0.26 846
5.826 -0.47 846
5.826 -0.27 846
5.829 -0.35 846
5.831 -0.19 846
5.834 -0.25 846
5.837 -0.26 846
5.837 -0.08 846
5.840 0.06 846
5.843 -0.35 846
5.846 -0.06 846
5.849 -0.05 846
5.851 -0.10 846
5.854 -0.16 846
5.857 -0.17 846
5.859 -0.64 846
5.862 -0.34 846
5.864 -0.52 846
5.867 -0.54 846
5.870 -0.69 846
5.873 -0.81 846
5.876 -0.66 846
5.879 -0.76 846
5.882 -0.51 846
5.885 -0.21 846
5.888 -0.13 846
5.890 -0.21 846
5.893 -0.36 846
5.895 -0.15 846
5.895 -0.24 846
5.897 -0.31 846
5.900 -0.44 846
5.902 -0.37 846
5.904 -0.38 846
5.907 -0.18 846
5.909 -0.27 846
5.912 -0.23 846
5.914 -0.34 846
5.917 -0.36 846
5.919 -0.38 846
5.922 -0.37 846
5.922 -0.37 846
5.924 -0.34 846
5.927 -0.26 846
5.929 -0.19 846
5.932 -0.15 846
5.932 -0.09 846
5.934 -0.02 846
5.937 -0.06 846
5.939 -0.01 846
5.942 -0.08 846
5.944 -0.35 846
5.947 -0.30 846
5.949 -0.27 846
5.950 -0.10 846
5.951 -0.40 846
5.953 -0.26 846
5.955 -0.23 846
5.958 -0.23 846
5.960 -0.15 846
5.963 -0.27 846
5.966 -0.34 846
5.968 -0.20 846
5.971 -0.16 846
5.973 -0.03 846
5.975 -0.21 846
5.978 -0.08 846
5.981 -0.04 846
5.982 -0.23 846
5.985 -0.21 846
5.990 -0.22 846
5.991 -0.25 846
5.992 -0.22 846
5.994 -0.26 846
5.994 -0.37 846
5.995 -0.13 846
5.995 -0.05 846
5.998 -0.02 846
6.002 -0.10 846
6.003 0.03 846
6.004 0.01 846
6.006 0.08 846
6.007 -0.01 846
6.009 0.35 846
6.010 -0.15 846
6.012 -0.08 846
6.013 -0.13 846
6.015 -0.34 846
6.016 -0.31 846
6.018 -0.48 846
6.019 -0.51 846
6.021 -0.74 846
6.022 -0.63 846
6.022 -0.50 846
6.023 -0.67 846
6.024 -0.44 846
6.025 -0.36 846
6.026 -0.31 846
6.028 -0.23 846
6.029 -0.30 846
6.031 -0.31 846
6.031 -0.16 846
6.032 -0.11 846
6.033 -0.10 846
6.035 -0.01 846
6.036 0.02 846
6.038 0.07 846
6.038 -0.02 846
6.039 -0.02 846
6.041 0.01 846
6.043 -0.15 846
6.044 -0.39 846
6.046 0.01 846
6.048 -0.01 846
6.049 0.04 846
6.051 -0.19 846
6.052 -0.10 846
6.054 -0.19 846
6.055 -0.17 846
6.057 -0.05 846
6.058 -0.08 846
6.059 -0.15 846
6.060 -0.06 846
6.060 -0.17 846
6.061 -0.22 846
6.062 -0.22 846
6.064 -0.20 846
6.067 -0.09 846
6.071 -0.06 846
6.072 -0.05 846
6.073 -0.13 846
6.074 -0.48 846
6.075 0.04 846
6.075 -0.05 846
6.075 -0.12 846
6.077 -0.23 846
6.079 -0.28 846
6.083 -0.38 846
6.085 -0.26 846
6.087 -0.25 846
6.089 -0.62 846
6.090 -0.22 846
6.090 -0.17 846
6.095 -0.41 846
6.098 -0.09 846
6.099 -0.30 296
6.099 -0.43 846
6.101 -0.30 846
6.103 -0.28 846
6.106 -0.21 846
6.109 -0.70 846
6.119 -0.66 846
6.121 -0.36 846
6.123 -0.44 846
6.125 -0.73 846
6.264 0.01 289
6.264 -0.11 289
6.264 -0.30 289
6.264 -0.22 289
6.308 -0.19 296
6.412 -0.27 296
6.530 -0.18 289
6.530 0.02 289
6.530 0.07 289
6.586 0.47 296
6.841 0.08 289
6.841 0.21 289
7.052 0.23 846
7.052 0.33 846
7.056 0.20 846
7.059 0.26 846
7.063 0.13 846
7.067 0.20 846
7.071 -0.05 846
7.074 0.13 846
7.077 0.03 846
7.080 -0.18 846
7.081 -0.04 846
7.081 0.11 846
7.082 0.03 846
7.083 0.16 846
7.083 -0.37 846
7.083 0.11 846
7.084 -0.06 846
7.085 -0.30 846
7.085 0.20 846
7.086 0.29 846
7.087 0.34 846
7.088 0.26 846
7.088 0.24 846
7.089 0.39 846
7.090 -0.04 846
7.090 0.14 846
7.091 0.28 846
7.092 0.25 846
7.093 0.12 846
7.094 0.04 846
7.096 0.11 846
7.097 0.06 846
7.098 0.23 846
7.099 0.27 846
7.100 0.34 846
7.101 0.31 846
7.103 0.40 846
7.104 0.26 846
7.105 0.36 846
7.106 -0.09 846
7.108 0.25 846
7.109 0.20 846
7.110 0.36 846
7.111 0.02 846
7.112 0.13 846
7.113 0.21 846
7.114 0.20 846
7.116 0.22 846
7.117 0.27 846
7.119 0.02 846
7.121 0.20 846
7.123 0.18 846
7.233 0.24 296
7.445 0.07 289
7.445 0.12 289
7.456 0.32 296
7.580 0.77 296
7.606 0.00 289
7.713 0.44 296
7.945 0.54 846
7.949 0.14 846
7.955 0.22 846
7.959 0.04 846
7.965 0.50 846
7.971 0.34 846
7.977 0.07 846
7.981 0.31 846
7.987 0.44 846
7.992 0.02 846
7.997 0.58 846
8.003 0.45 846
8.008 0.24 846
8.008 0.36 846
8.038 0.45 289
8.038 0.34 289
8.063 0.28 846
8.079 0.59 846
8.093 0.22 846
8.111 0.37 846
8.127 0.44 846
8.143 0.50 846
8.160 0.53 846
8.176 0.50 846
8.191 0.36 846
8.192 0.32 296
8.207 0.33 846
8.223 0.36 846
8.239 0.27 846
8.256 0.08 846
8.271 0.40 846
8.288 0.28 846
8.301 0.13 846
8.301 0.12 846
8.307 0.28 846
8.310 0.24 846
8.314 0.28 846
8.316 0.22 846
8.319 0.21 846
8.319 0.51 289
8.321 0.34 846
8.325 0.41 846
8.330 0.24 846
8.335 0.22 846
8.339 0.38 846
8.344 0.71 846
8.451 0.29 289
8.506 0.24 289
8.506 0.47 289
8.535 0.59 289
8.683 0.86 289
8.786 1.17 289
8.873 1.06 289
8.953 0.97 289
9.000 0.76 289
9.035 0.93 289
9.044 0.59 289
9.097 0.79 289
9.099 0.89 289
9.126 0.73 289
9.126 0.89 289
9.180 0.93 289
9.199 0.84 289
9.224 0.81 289
9.279 0.86 289
9.415 0.71 289
9.415 0.80 289
9.420 0.72 289
9.442 1.00 289
9.447 0.72 289
9.554 0.61 289
9.561 0.65 289
9.569 0.76 289
9.570 0.51 289
9.579 0.42 289
9.579 0.61 289
9.615 0.78 289
9.744 0.79 289
9.794 0.34 289
9.795 0.47 289
9.820 0.76 289
9.883 0.51 289
9.912 0.54 289
9.938 0.44 289
9.965 0.34 289
9.984 0.57 289
10.161 0.52 289
10.249 0.32 289
10.305 0.88 289
10.397 0.64 289
10.416 0.66 289
10.422 0.55 289
10.438 0.61 289
10.438 0.60 289
10.438 0.68 289
10.519 0.60 289
10.586 0.70 289
10.586 0.54 289
11.016 0.49 289
11.016 0.53 289
11.016 0.42 289
11.332 0.42 289
11.454 0.51 296
11.490 0.43 289
11.604 0.91 574
11.618 1.02 574
11.632 0.97 574
11.636 0.55 289
11.636 0.65 289
11.645 0.82 289
11.646 0.66 574
11.646 0.81 574
11.653 0.66 289
11.653 0.67 574
11.667 0.68 574
11.667 1.03 574
11.681 1.02 574
11.683 0.46 289
11.695 1.03 574
11.695 1.05 574
11.709 0.95 574
11.709 0.94 574
11.720 0.68 289
11.723 0.74 574
11.723 0.86 574
11.737 0.70 574
11.737 0.65 574
11.738 0.78 289
11.751 0.75 574
11.751 0.97 574
11.758 0.67 574
11.758 0.65 574
11.766 1.09 289
11.771 1.06 574
11.785 0.98 574
11.799 0.78 574
11.801 1.01 289
11.813 0.70 574
11.827 0.74 574
11.841 0.75 574
11.841 0.85 574
11.855 0.69 574
11.862 0.84 574
11.862 0.99 574
11.876 0.58 574
11.876 1.07 574
11.890 0.64 574
11.890 0.67 574
11.890 0.72 574
11.905 0.89 574
11.905 0.97 574
11.919 0.79 574
11.919 0.51 574
11.934 0.88 574
11.934 0.87 574
11.948 0.87 574
11.951 0.85 806
11.951 0.97 806
11.961 1.00 806
11.963 0.81 574
11.966 0.82 806
11.966 1.08 806
11.970 0.65 574
11.970 0.80 574
11.970 0.92 806
11.970 1.00 806
11.975 1.03 806
11.975 1.07 806
11.984 0.80 574
11.984 0.93 574
11.985 0.98 806
11.985 1.06 806
11.990 0.96 806
11.990 0.91 806
11.995 0.74 806
11.995 1.08 806
12.000 0.85 806
12.010 0.90 289
12.014 0.90 806
12.019 0.97 806
12.019 0.99 806
12.024 1.02 806
12.024 1.04 806
12.030 1.01 806
12.035 1.11 806
12.041 1.12 806
12.041 1.06 806
12.046 1.03 806
12.052 1.00 806
12.052 1.12 806
12.057 0.87 806
12.063 1.03 806
12.063 1.02 806
12.068 1.11 806
12.074 1.06 806
12.079 0.79 574
12.079 1.00 806
12.079 1.08 806
12.085 1.06 806
12.085 1.10 806
12.093 0.48 574
12.096 0.96 806
12.101 0.98 806
12.107 1.07 806
12.107 1.02 806
12.112 0.97 806
12.115 0.64 574
12.128 0.96 806
12.129 0.41 574
12.129 0.73 574
12.144 0.51 574
12.158 0.74 574
12.158 0.57 574
12.173 0.50 574
12.175 0.98 806
12.187 0.48 574
12.187 0.67 574
12.194 0.84 806
12.200 0.86 806
12.202 0.75 574
12.213 0.59 806
12.217 0.56 574
12.217 0.53 574
12.224 0.63 574
12.224 0.61 574
12.238 1.20 574
12.245 0.90 806
12.253 0.64 574
12.253 0.67 574
12.267 0.61 574
12.272 0.38 289
12.282 0.78 574
12.282 0.72 574
12.296 0.89 574
12.296 0.80 574
12.311 0.69 574
12.315 0.80 806
12.322 0.87 806
12.325 0.49 574
12.325 0.72 574
12.333 0.36 574
12.333 0.80 574
12.347 0.80 574
12.362 0.57 574
12.362 0.90 574
12.376 0.87 574
12.386 1.07 806
12.391 0.78 574
12.405 0.92 574
12.420 0.84 574
12.434 0.82 574
12.449 0.87 574
12.463 0.80 574
12.469 1.13 806
12.470 0.87 574
12.483 0.89 574
12.499 0.93 574
12.514 0.89 806
12.514 0.56 574
12.514 0.95 574
12.528 0.88 574
12.610 0.71 806
12.661 0.99 806
12.764 0.77 289
12.971 1.14 806
13.015 1.03 806
13.022 0.51 289
13.089 1.10 806
13.155 0.79 289
13.203 0.95 289
13.222 0.83 289
13.243 0.99 289
13.287 0.88 289
13.287 0.88 289
13.309 0.75 289
13.323 0.84 289
13.329 1.00 289
13.352 0.92 289
13.364 0.82 289
13.372 0.89 289
13.382 0.87 289
13.391 0.85 289
13.401 0.96 289
13.401 0.85 289
13.413 0.86 289
13.415 0.95 289
13.417 0.85 289
13.421 0.94 289
13.425 0.88 289
13.429 0.80 289
13.432 0.77 289
13.436 0.81 289
13.440 0.65 289
13.451 0.92 289
13.458 0.80 289
13.461 0.61 289
13.465 0.69 289
13.469 0.70 289
13.473 0.61 289
13.477 0.73 289
13.479 0.80 289
13.480 0.74 289
13.484 0.84 289
13.488 0.99 289
13.491 0.94 289
13.495 0.83 289
13.499 0.85 289
13.502 0.85 289
13.510 0.95 289
13.513 0.97 289
13.532 1.15 289
13.532 1.00 289
13.542 0.96 289
13.547 0.88 289
13.550 1.02 289
13.550 1.00 289
13.554 1.08 289
13.675 1.08 289
13.679 1.39 289
13.679 1.28 289
13.683 1.08 289
13.687 1.26 289
13.690 1.02 289
13.691 1.32 289
13.694 0.79 289
13.697 1.08 289
13.701 1.06 289
13.705 1.19 289
13.713 1.44 289
13.722 1.13 289
13.722 1.07 289
13.722 1.44 289
13.730 1.19 289
13.730 1.19 289
13.737 1.07 289
13.746 0.95 289
13.754 1.48 289
13.762 0.91 289
13.777 1.53 289
13.783 1.27 289
13.790 1.36 289
13.790 1.39 289
13.797 1.42 289
13.811 1.64 289
13.819 1.62 289
13.819 1.39 289
13.819 1.66 289
13.820 1.27 574
13.823 1.15 574
13.824 1.27 289
13.825 1.04 574
13.828 0.84 574
13.830 0.82 574
13.831 1.34 289
13.835 1.04 574
13.837 1.67 289
13.839 1.13 574
13.844 1.17 574
13.844 1.54 289
13.848 1.26 574
13.851 1.36 289
13.853 1.20 574
13.857 1.36 574
13.858 1.43 289
13.858 1.60 289
13.858 1.66 289
13.858 1.53 289
13.858 1.49 289
13.860 1.23 574
13.862 1.23 574
13.864 1.53 289
13.864 1.39 289
13.866 1.28 574
13.871 1.37 574
13.871 1.49 289
13.875 1.04 574
13.878 1.63 289
13.880 1.18 574
13.884 1.06 574
13.889 0.98 574
13.894 1.05 574
13.898 0.84 574
13.902 1.20 574
13.905 1.00 289
13.906 1.12 574
13.911 1.20 574
13.915 1.17 574
13.919 1.14 574
13.923 1.14 574
13.927 0.81 574
13.931 1.08 574
13.935 0.89 574
13.939 1.15 574
13.944 1.12 574
13.944 1.24 574
13.948 1.21 574
13.953 1.15 289
13.955 1.12 806
13.955 1.25 806
13.955 1.08 574
13.955 1.33 574
13.955 1.22 574
13.956 1.27 574
13.956 1.17 574
13.956 1.16 574
13.956 1.27 574
13.958 1.24 574
13.958 1.29 574
13.961 0.97 574
13.964 1.26 574
13.967 1.18 574
13.970 1.15 574
13.973 1.11 574
13.976 1.14 574
13.979 1.13 574
13.983 0.93 574
13.986 0.77 574
13.989 1.09 574
13.992 1.18 574
13.992 0.84 574
13.995 1.31 574
13.998 1.27 574
14.001 1.13 574
14.004 1.38 574
14.007 1.35 574
14.010 1.28 574
14.014 1.13 289
14.015 1.16 574
14.019 1.29 574
14.024 1.32 574
14.028 1.18 574
14.033 1.31 574
14.035 0.99 289
14.037 1.32 574
14.042 1.38 574
14.046 1.14 574
14.051 1.18 574
14.053 1.06 289
14.055 1.10 574
14.060 1.02 574
14.064 0.95 574
14.069 0.83 289
14.069 0.89 574
14.073 0.96 574
14.078 1.19 574
14.081 0.98 574
14.084 1.11 574
14.087 1.32 574
14.089 1.47 574
14.092 1.43 574
14.095 1.34 574
14.098 1.30 574
14.101 1.29 574
14.104 1.36 574
14.107 1.31 574
14.109 1.17 574
14.112 1.46 574
14.112 1.04 289
14.115 1.34 574
14.118 1.38 574
14.122 1.58 574
14.127 1.68 574
14.131 1.70 574
14.135 1.74 574
14.139 1.81 574
14.139 1.73 574
14.144 1.59 574
14.148 1.81 574
14.153 1.74 806
14.153 1.67 806
14.178 1.75 574
14.182 1.96 574
14.182 1.95 574
14.186 1.95 574
14.186 2.04 574
14.190 1.84 574
14.190 1.88 574
14.195 2.01 574
14.195 1.78 574
14.199 1.71 574
14.199 2.03 574
14.203 1.83 574
14.203 1.67 574
14.207 2.01 574
14.212 1.69 574
14.212 1.64 574
14.216 1.93 574
14.216 2.06 574
14.220 1.85 574
14.224 1.98 574
14.224 1.93 574
14.229 1.79 574
14.233 1.74 574
14.233 1.56 574
14.237 1.64 574
14.237 1.56 574
14.241 1.70 574
14.241 1.75 574
14.246 1.82 574
14.250 1.74 574
14.250 1.73 574
14.254 1.72 574
14.258 1.79 574
14.258 1.88 574
14.263 1.80 574
14.263 1.80 574
14.267 1.21 574
14.267 1.17 574
14.275 1.76 574
14.275 1.68 574
14.280 1.83 574
14.284 1.73 574
14.284 1.70 574
14.288 1.99 574
14.290 1.68 289
14.292 1.77 574
14.292 1.75 574
14.297 1.88 574
14.297 1.75 574
14.305 1.80 574
14.309 1.62 574
14.312 1.66 806
14.312 1.46 289
14.314 1.56 574
14.318 1.98 574
14.318 1.87 574
14.322 1.61 574
14.322 1.72 574
14.326 1.65 574
14.331 1.62 574
14.335 1.29 289
14.335 1.70 574
14.339 1.70 574
14.339 1.75 574
14.340 1.25 289
14.343 1.64 574
14.348 1.54 574
14.352 1.64 574
14.356 1.40 574
14.360 1.22 574
14.360 1.11 574
14.361 1.36 289
14.365 1.04 574
14.369 1.56 574
14.376 1.20 574
14.383 1.39 574
14.389 1.30 574
14.389 1.26 574
14.396 1.41 574
14.403 1.35 574
14.405 1.66 289
14.410 1.43 574
14.410 1.19 574
14.423 1.16 574
14.427 1.17 574
14.431 1.17 574
14.434 1.56 574
14.437 1.34 806
14.438 1.08 574
14.442 1.31 574
14.442 1.33 574
14.446 1.10 574
14.449 1.33 574
14.453 1.25 574
14.453 1.24 574
14.457 1.38 574
14.461 1.45 574
14.461 1.38 574
14.464 1.28 574
14.464 1.41 574
14.468 1.29 574
14.468 1.34 574
14.472 1.33 574
14.476 1.41 574
14.479 1.26 574
14.479 1.44 574
14.483 1.51 574
14.486 1.25 574
14.486 1.41 574
14.489 1.67 574
14.489 1.60 574
14.492 1.59 574
14.494 1.40 289
14.495 1.29 574
14.497 1.37 574
14.500 1.32 574
14.500 1.30 574
14.503 1.39 574
14.506 1.22 574
14.509 1.47 574
14.512 1.51 574
14.515 1.58 574
14.518 1.62 574
14.520 1.56 574
14.523 1.41 574
14.532 1.66 289
14.595 1.40 289
14.638 1.76 289
14.638 1.66 289
14.702 1.71 289
14.703 1.86 806
14.760 1.71 806
14.771 1.63 574
14.773 1.66 574
14.776 1.58 574
14.776 1.83 574
14.777 1.48 289
14.779 1.74 574
14.782 1.78 574
14.788 1.80 574
14.791 1.73 574
14.794 1.70 574
14.796 1.57 574
14.799 1.56 574
14.802 1.80 574
14.805 1.50 574
14.808 1.64 574
14.811 1.71 574
14.814 1.62 574
14.817 1.96 574
14.819 1.88 574
14.822 1.93 574
14.825 1.76 574
14.825 1.75 574
14.828 1.81 289
14.828 1.65 574
14.831 1.66 574
14.835 1.56 574
14.835 1.73 574
14.838 1.61 574
14.841 1.69 574
14.844 1.71 574
14.848 1.63 574
14.851 1.68 574
14.854 1.67 574
14.859 1.73 574
14.861 1.90 574
14.864 1.71 574
14.867 1.80 574
14.867 1.88 574
14.870 1.62 574
14.870 1.84 574
14.874 1.89 574
14.877 1.74 574
14.880 1.74 574
14.881 1.58 806
14.883 1.92 574
14.887 1.53 574
14.890 1.51 574
14.893 1.21 289
14.893 1.49 574
14.896 0.99 574
14.900 1.47 574
14.903 1.48 574
14.906 1.40 574
14.908 1.16 574
14.914 1.65 574
14.929 1.36 574
14.943 1.60 574
14.949 1.41 289
14.958 1.33 574
14.972 1.62 574
14.987 1.59 574
15.001 1.27 574
15.002 1.65 806
15.007 1.29 289
15.016 1.56 574
15.030 1.49 574
15.036 1.54 574
15.042 1.52 574
15.048 1.36 574
15.054 1.23 574
15.063 1.18 574
15.072 1.10 289
15.095 1.29 806
15.101 1.53 574
15.110 1.35 574
15.119 1.40 574
15.129 1.55 574
15.129 1.34 574
15.138 1.19 574
15.145 1.40 289
15.147 1.47 574
15.156 1.41 574
15.165 1.17 574
15.174 1.28 574
15.184 1.40 574
15.193 1.37 574
15.202 1.07 574
15.202 1.45 574
15.208 1.30 289
15.211 1.54 574
15.216 1.51 806
15.232 1.63 574
15.240 1.50 574
15.247 1.27 574
15.254 1.36 574
15.261 1.31 574
15.263 1.66 289
15.268 1.47 574
15.268 1.13 574
15.273 1.26 806
15.275 1.36 574
15.283 1.26 574
15.290 1.33 574
15.297 1.21 574
15.304 1.44 574
15.312 1.40 574
15.320 1.38 574
15.328 1.50 289
15.328 1.32 574
15.336 1.31 574
15.337 1.26 806
15.340 1.28 574
15.340 1.54 574
15.344 1.50 574
15.352 1.42 574
15.361 1.52 574
15.361 1.32 574
15.369 1.49 574
15.369 1.29 574
15.369 1.24 574
15.377 1.24 574
15.377 1.44 574
15.385 1.43 574
15.393 1.41 574
15.401 1.29 574
15.409 1.29 574
15.417 1.30 574
15.425 1.30 574
15.433 1.40 574
15.442 1.35 574
15.442 1.40 806
15.443 1.64 289
15.454 1.32 574
15.465 1.24 574
15.474 1.25 574
15.474 1.34 574
15.482 1.04 574
15.490 1.12 574
15.498 1.12 574
15.498 1.31 574
15.506 1.37 574
15.506 1.00 574
15.514 1.37 574
15.522 1.39 574
15.534 1.42 574
15.536 1.34 289
15.546 1.19 574
15.557 1.32 574
15.557 1.37 574
15.569 1.31 574
15.582 1.42 574
15.595 1.38 574
15.598 1.27 289
15.598 1.46 574
15.599 1.11 289
15.599 1.15 289
15.606 1.55 574
15.615 1.63 574
15.623 1.55 574
15.631 1.66 574
15.640 1.19 574
15.648 1.53 574
15.655 1.47 289
15.656 1.50 574
15.665 1.52 574
15.673 1.37 574
15.681 1.46 574
15.690 1.61 574
15.707 1.31 574
15.720 1.20 574
15.721 1.21 289
15.723 1.34 574
15.727 1.47 574
15.731 1.60 574
15.734 1.55 574
15.738 1.57 574
15.742 1.76 574
15.746 1.78 574
15.749 1.75 574
15.753 1.63 574
15.757 1.59 574
15.761 1.66 574
15.764 1.57 574
15.768 1.70 574
15.772 1.75 574
15.778 1.70 574
15.779 1.79 574
15.783 1.47 574
15.795 1.73 574
15.808 1.50 574
15.820 1.76 574
15.833 1.85 574
15.845 1.61 574
15.857 1.36 574
15.870 1.88 574
15.882 1.79 574
15.895 1.64 574
15.907 1.48 574
15.919 1.69 574
15.930 1.43 289
15.933 1.63 574
15.933 1.79 574
15.952 1.72 574
15.952 1.85 574
15.952 1.95 574
15.957 1.72 574
15.969 1.62 574
15.969 1.53 574
15.978 1.81 574
15.986 1.81 574
15.995 1.62 574
16.003 1.72 574
16.012 1.69 574
16.036 1.57 806
16.049 1.41 289
16.117 1.20 289
16.117 1.41 289
16.150 1.32 806
16.232 1.18 806
16.270 1.53 289
16.343 1.04 806
16.389 1.03 289
16.424 0.85 289
16.538 0.70 289
16.551 0.85 806
16.585 0.75 289
16.670 0.99 289
16.694 1.06 806
16.698 0.57 289
16.739 0.81 806
16.789 1.05 289
16.797 0.73 289
16.841 0.90 289
17.048 0.83 289
17.085 0.30 289
17.124 0.49 806
17.187 0.46 289
17.215 0.56 289
17.255 0.12 289
17.327 0.77 289
17.387 0.99 289
17.453 0.92 806
17.456 0.55 289
17.515 1.02 806
17.542 0.30 289
17.544 0.64 289
17.547 0.62 289
17.550 0.61 289
17.553 0.18 289
17.557 0.53 289
17.557 0.23 289
17.563 0.41 289
17.564 0.53 289
17.577 0.72 289
17.578 0.89 289
17.581 0.48 289
17.648 0.78 806
17.846 0.58 806
17.940 0.88 806
17.957 0.58 296
18.116 0.88 806
18.184 0.84 296
18.184 0.72 296
18.337 0.65 806
18.423 0.74 289
18.467 0.45 296
18.595 0.50 289
18.612 0.39 806
18.671 0.44 289
18.694 0.92 296
18.694 0.66 296
18.728 0.45 296
18.734 0.46 289
18.762 0.89 289
18.803 0.77 806
18.867 0.63 289
18.921 0.66 296
19.062 0.29 289
19.113 0.55 296
19.113 0.60 296
19.131 0.72 289
19.144 0.31 289
19.185 0.78 296
19.201 0.23 289
19.287 0.86 289
19.317 0.93 289
19.388 0.51 289
19.393 0.55 296
19.393 0.60 296
19.447 0.65 289
19.505 0.82 289
19.513 0.68 296
19.575 0.79 289
19.632 0.85 289
19.753 0.60 296
19.795 0.90 289
19.800 0.81 289
19.954 0.55 296
20.119 0.66 1170
20.131 0.40 289
20.201 0.93 289
20.234 0.66 296
20.235 0.83 1170
20.314 0.64 296
20.314 0.67 296
20.352 1.10 1170
20.468 0.84 1170
20.490 1.09 296
20.582 1.10 1170
20.584 0.91 1170
20.597 1.09 1170
20.603 1.15 289
20.615 1.05 1170
20.628 1.27 1170
20.644 1.22 1170
20.659 1.19 1170
20.667 1.29 1170
20.684 1.18 1170
20.700 1.28 1170
20.703 1.28 1170
20.717 1.17 1170
20.736 1.14 1170
20.748 1.12 1170
20.753 1.09 1170
20.822 0.95 1170
20.834 0.93 296
20.835 0.99 1170
20.849 0.98 1170
20.851 0.72 1170
20.875 1.01 1170
20.908 1.01 1170
20.932 0.98 1170
20.961 1.15 1170
20.976 0.91 289
20.989 1.36 1170
21.003 1.31 1170
21.032 1.16 1170
21.051 1.08 1170
21.053 1.08 1170
21.069 1.18 1170
21.090 1.10 1170
21.106 1.05 1170
21.168 1.08 1170
21.196 1.08 1170
21.211 1.07 1170
21.218 0.78 289
21.239 1.05 1170
21.266 0.88 289
21.268 1.22 1170
21.272 1.22 1170
21.297 1.25 1170
21.330 1.39 1170
21.354 1.23 1170
21.383 1.31 1170
21.406 1.03 1170
21.412 0.98 1170
21.424 1.22 1170
21.435 1.23 1170
21.437 1.23 1170
21.446 1.08 1170
21.460 1.01 1170
21.469 1.08 1170
21.481 1.04 1170
21.505 1.00 1170
21.518 1.05 1170
21.545 0.98 1170
21.572 0.94 1170
21.576 1.08 1170
21.599 0.98 1170
21.631 1.14 1170
21.654 1.07 1170
21.668 1.17 1170
21.680 1.31 1170
21.686 1.29 1170
21.711 1.47 1170
21.733 1.13 289
21.740 1.46 1170
21.744 1.48 1170
21.790 1.58 1170
21.822 1.58 1170
21.837 1.47 1170
21.865 1.56 1170
22.010 1.47 1170
22.068 1.47 1170
22.127 1.33 1170
22.127 1.49 1170
22.136 1.45 1170
22.168 1.48 1170
22.168 1.24 1170
22.185 1.29 1170
22.185 1.73 1170
22.253 1.62 1170
22.303 1.54 1170
22.361 1.81 1170
22.420 1.59 1170
22.449 1.59 1170
22.461 1.39 1170
22.461 1.41 1170
22.461 1.53 1170
22.461 1.49 1170
22.461 1.51 1170
22.508 1.47 1170
22.575 1.49 1170
22.625 1.38 1170
22.692 1.67 1170
22.742 1.49 1170
22.754 1.29 1170
22.781 1.27 1170
22.788 1.28 1170
22.803 1.26 1170
22.818 1.16 1170
22.820 1.34 1170
22.828 1.23 1170
22.828 1.21 1170
22.828 1.28 1170
22.828 1.27 1170
22.828 1.46 1170
22.832 1.36 1170
22.849 1.39 1170
22.862 1.31 1170
22.877 1.17 1170
22.899 1.24 1170
22.902 1.31 1170
22.902 1.29 1170
22.902 1.42 1170
22.925 1.48 1170
22.953 0.96 1170
22.957 1.48 1170
22.982 1.49 1170
23.014 1.45 1170
23.040 1.51 1170
23.046 1.51 1170
23.046 1.45 1170
23.046 1.46 1170
23.046 1.49 1170
23.072 1.43 1170
23.103 1.39 1170
23.119 1.20 1170
23.151 1.10 1170
23.183 0.89 1170
23.188 1.07 1170
23.206 0.94 1170
23.206 0.84 1170
23.206 0.95 1170
23.206 1.12 1170
23.215 1.05 1170
23.252 0.93 1170
23.279 1.10 1170
23.311 1.12 1170
23.343 0.97 1170
23.343 0.99 1170
23.359 1.07 1170
23.365 0.98 1170
23.365 0.93 1170
23.365 1.13 1170
23.365 1.17 1170
23.391 1.28 1170
  
