0.015 0.36 1088
0.047 0.33 1088
0.056 0.81 704
0.061 0.37 704
0.069 0.20 704
0.075 0.24 704
0.092 0.09 704
0.115 0.39 704
0.131 0.66 704
0.145 0.72 704
0.147 0.75 704
0.148 0.82 704
0.152 0.53 704
0.152 0.37 704
0.157 0.77 704
0.159 0.08 704
0.159 0.71 704
0.160 0.07 1088
0.169 0.57 704
0.171 0.48 704
0.172 0.77 704
0.174 0.26 704
0.184 -0.45 704
0.263 -0.39 704
0.282 -0.68 704
0.282 -0.85 704
0.284 -1.15 704
0.286 -0.74 704
0.286 -0.81 704
0.291 -0.83 704
0.291 -0.60 704
0.291 -0.43 704
0.294 0.08 704
0.302 0.01 704
0.310 0.14 704
0.320 0.24 704
0.328 -0.76 704
0.331 -0.32 704
0.331 -0.80 704
0.336 -0.84 704
0.338 -0.67 704
0.340 -0.77 704
0.345 -0.39 704
0.345 -0.67 704
0.347 -0.86 704
0.347 -0.52 704
0.353 -0.45 704
0.354 -0.40 704
0.379 -0.71 704
0.380 -0.67 704
0.403 -0.32 704
0.406 -0.27 704
0.414 0.37 704
0.417 -0.27 704
0.421 -0.06 704
0.475 -0.88 704
0.490 -0.27 704
0.496 -0.84 704
0.507 -0.75 704
0.507 -0.77 704
0.514 -0.21 704
0.514 -0.06 704
0.529 -0.93 704
0.532 -0.03 704
0.535 -0.38 1088
0.583 -0.68 704
0.585 -0.42 704
0.599 -0.14 704
0.607 -0.14 704
0.621 -0.35 704
0.634 0.17 1088
0.646 0.13 704
0.663 -0.68 704
0.667 0.20 747
0.683 -0.76 704
0.684 0.31 1088
0.725 -1.09 704
0.733 -1.14 1088
0.773 -0.16 747
0.783 0.59 1088
0.826 0.00 1088
0.848 -0.27 747
0.855 0.34 704
0.855 -0.41 704
0.869 -0.13 1088
0.935 -0.09 704
0.953 -0.18 747
1.012 0.55 1088
1.035 -0.79 704
1.041 -0.34 704
1.044 0.52 1088
1.045 -0.43 704
1.060 -0.51 704
1.068 -0.93 704
1.073 0.07 704
1.077 0.40 1088
1.083 -0.01 704
1.083 0.00 704
1.085 -0.13 704
1.085 0.30 704
1.087 0.01 704
1.088 0.51 704
1.089 0.35 704
1.091 -0.25 704
1.091 -0.35 704
1.094 -0.83 704
1.096 -0.56 704
1.097 -0.26 704
1.098 -0.38 704
1.099 0.22 704
1.100 0.02 704
1.101 -0.23 704
1.105 -0.32 704
1.116 -0.17 704
1.116 -0.19 704
1.125 -0.78 704
1.131 -0.92 704
1.146 -1.47 704
1.154 -0.87 704
1.162 -1.52 704
1.162 -1.08 704
1.166 -0.96 704
1.166 -0.75 704
1.173 -0.81 704
1.175 -0.79 704
1.175 -1.15 704
1.182 -0.05 704
1.190 -0.16 704
1.197 -0.95 704
1.204 -0.77 704
1.205 -0.76 704
1.205 -0.95 704
1.205 -0.96 704
1.209 -0.25 704
1.214 -0.14 704
1.218 -0.15 704
1.221 -0.50 704
1.223 0.24 704
1.225 0.04 704
1.226 -0.32 704
1.235 0.08 704
1.243 -0.86 704
1.247 -0.57 704
1.252 -0.57 704
1.257 -0.92 704
1.257 -0.94 704
1.260 -0.13 704
1.260 -0.40 704
1.260 -0.90 704
1.260 -0.94 704
1.265 -0.61 704
1.265 -0.79 704
1.265 -0.67 704
1.269 -0.48 704
1.269 -0.52 704
1.269 -0.34 704
1.274 0.13 704
1.274 -0.13 704
1.280 0.29 704
1.280 0.18 704
1.283 0.04 704
1.283 0.11 704
1.283 0.12 704
1.287 -0.16 704
1.287 -0.08 704
1.287 -0.60 704
1.287 -0.16 704
1.292 -0.97 704
1.300 -0.83 704
1.301 -0.81 704
1.303 -0.40 704
1.303 -0.46 704
1.307 -0.37 704
1.307 -0.38 704
1.311 0.25 704
1.313 0.22 747
1.314 0.13 704
1.314 0.34 704
1.319 0.28 704
1.319 0.48 704
1.321 0.34 704
1.329 -0.83 704
1.332 -0.73 704
1.339 -0.73 704
1.340 -0.95 704
1.344 -1.01 704
1.348 -0.78 704
1.356 -0.31 704
1.356 -0.14 704
1.368 -0.85 704
1.388 -0.07 1088
1.389 -0.04 704
1.389 0.27 704
1.400 -0.09 704
1.408 0.31 704
1.412 0.21 704
1.416 -0.83 704
1.423 -0.57 704
1.428 -1.11 704
1.430 -1.03 704
1.435 -0.82 704
1.439 -0.19 704
1.444 0.09 704
1.447 0.16 704
1.462 -0.41 704
1.466 -0.88 704
1.472 -0.61 704
1.475 -0.80 704
1.478 -0.76 704
1.481 -0.60 704
1.485 -0.20 704
1.504 -0.45 704
1.506 -0.60 704
1.509 -0.93 704
1.516 -1.23 704
1.518 -0.98 704
1.528 -0.24 704
1.533 -0.53 704
1.540 -0.12 704
1.549 -0.29 704
1.554 0.01 704
1.571 -0.37 704
1.579 -0.49 704
1.586 0.21 1088
1.595 -0.17 704
1.608 0.03 704
1.612 0.87 1088
1.613 0.00 704
1.628 -0.24 704
1.630 -0.13 704
1.632 0.09 704
1.636 0.12 704
1.640 -0.12 704
1.642 -0.41 704
1.648 -0.37 704
1.651 -0.65 704
1.652 0.31 1088
1.653 -0.65 704
1.669 -0.89 704
1.677 -0.45 704
1.682 -0.75 704
1.687 -0.79 704
1.699 -0.25 1088
1.699 -0.63 704
1.703 -0.59 704
1.708 -0.15 704
1.713 -0.32 704
1.718 -0.26 704
1.727 -0.78 704
1.729 -0.72 704
1.734 -0.78 704
1.739 -0.51 704
1.745 -0.66 704
1.750 -0.59 704
1.753 -0.48 704
1.755 -0.80 704
1.760 -0.80 704
1.765 -0.54 704
1.770 -0.71 704
1.776 -0.90 704
1.778 -0.83 704
1.779 -0.74 704
1.780 -0.81 704
1.781 -1.03 704
1.784 -0.74 704
1.784 -0.71 704
1.785 -0.85 704
1.785 -0.60 704
1.786 -0.76 704
1.787 -0.63 704
1.787 -0.79 704
1.789 -0.57 704
1.789 -0.83 704
1.790 -0.85 704
1.790 -0.72 704
1.791 -0.99 704
1.791 -0.83 704
1.794 -0.94 704
1.798 -0.44 704
1.798 -0.64 704
1.801 -0.15 704
1.805 -0.42 704
1.805 -0.72 704
1.810 -0.47 704
1.814 -0.54 704
1.814 -0.53 704
1.817 -0.37 704
1.817 -0.48 704
1.821 -0.56 704
1.824 -0.45 704
1.828 -0.57 704
1.832 -0.74 704
1.836 -0.73 704
1.840 -0.64 704
1.844 -0.78 704
1.848 -0.70 704
1.852 -0.77 704
1.856 -0.79 704
1.859 -0.72 704
1.863 -0.44 704
1.868 -0.06 704
1.871 -0.41 704
1.875 -0.43 704
1.875 -0.87 1088
1.879 -0.33 704
1.888 -0.04 704
1.892 -0.26 704
1.894 -0.15 704
1.896 -0.07 704
1.900 0.09 704
1.907 0.10 704
1.912 -0.10 704
1.916 -0.55 704
1.919 -0.20 704
1.920 -0.01 704
1.920 -0.16 704
1.922 -0.20 704
1.925 -0.21 704
1.927 -0.19 704
1.930 -0.27 704
1.932 0.07 704
1.934 -0.36 704
1.937 -0.75 704
1.942 -0.48 704
1.942 -0.29 704
1.944 -0.19 704
1.946 -0.04 704
1.950 0.10 704
1.954 0.18 704
1.956 0.10 704
1.956 0.03 704
1.958 -0.74 704
1.964 -0.37 704
1.972 -0.13 704
1.979 0.15 704
1.991 -0.13 704
2.003 0.35 704
2.016 -0.13 704
2.024 -0.04 704
2.024 0.06 704
2.035 -0.05 704
2.041 -0.10 704
2.041 0.08 704
2.064 -0.52 704
2.084 -0.79 704
2.089 -0.45 704
2.094 -0.37 704
2.097 -0.54 704
2.100 -0.30 704
2.102 -0.55 704
2.105 -0.35 704
2.110 -0.06 704
2.113 -0.10 704
2.118 -0.35 704
2.121 0.75 704
2.139 -0.47 704
2.142 -0.13 704
2.144 -0.13 704
2.159 -0.37 704
2.159 -0.12 704
2.162 -0.19 704
2.162 -0.28 704
2.182 -0.07 704
2.189 -0.16 704
2.189 -0.39 704
2.196 -0.34 704
2.196 -0.29 704
2.203 -0.19 704
2.203 -0.20 704
2.213 0.65 1088
2.226 -0.05 704
2.229 0.06 704
2.243 -0.62 704
2.245 0.32 704
2.251 -0.19 704
2.255 0.07 704
2.260 -0.03 704
2.265 -0.03 704
2.268 0.13 704
2.270 -0.23 704
2.273 -0.61 704
2.275 -0.54 704
2.292 0.23 704
2.294 0.21 704
2.297 0.19 704
2.300 0.53 704
2.302 0.27 704
2.307 0.08 704
2.312 0.60 704
2.325 0.04 704
2.332 0.36 704
2.335 0.27 704
2.340 -0.67 704
2.340 -0.47 704
2.342 -0.36 704
2.342 -0.24 704
2.343 0.25 704
2.349 0.36 704
2.350 0.37 704
2.353 0.47 704
2.354 0.05 704
2.358 -0.05 704
2.359 -0.28 704
2.360 0.11 704
2.362 -0.32 704
2.363 -0.37 704
2.368 -0.05 704
2.369 -0.02 704
2.370 0.52 704
2.371 -0.22 704
2.372 -0.27 704
2.372 -0.41 704
2.373 0.41 704
2.381 0.53 704
2.382 0.36 704
2.394 0.80 1088
2.402 -0.10 704
2.404 -0.35 704
2.405 0.24 704
2.410 0.39 704
2.412 0.18 704
2.413 0.26 704
2.414 -0.28 704
2.417 0.06 704
2.419 0.48 704
2.427 0.45 704
2.431 -0.04 704
2.435 0.01 704
2.439 0.08 704
2.443 0.32 704
2.447 -0.22 704
2.447 -0.33 704
2.450 -0.11 704
2.453 0.30 704
2.457 -0.43 704
2.460 0.00 704
2.462 0.20 1088
2.466 0.17 704
2.468 0.32 704
2.470 -0.15 704
2.473 0.03 704
2.486 -0.30 704
2.495 -0.61 704
2.497 0.31 704
2.508 0.22 704
2.515 0.90 704
2.518 0.42 704
2.521 -0.04 704
2.525 -0.12 704
2.525 -0.27 704
2.525 0.30 1088
2.526 0.24 704
2.531 0.62 704
2.533 -0.22 704
2.537 0.68 704
2.542 0.71 704
2.543 0.48 704
2.545 -0.12 704
2.546 -0.36 704
2.549 0.34 704
2.550 0.57 704
2.552 -0.53 704
2.560 -0.48 704
2.576 -0.19 704
2.576 0.19 704
2.595 0.13 704
2.601 0.25 704
2.605 0.26 1088
2.606 0.01 704
2.608 0.02 704
2.620 0.72 704
2.639 0.44 704
2.649 0.32 704
2.680 0.46 747
2.692 0.73 704
2.712 0.15 704
2.712 0.71 704
2.720 0.50 704
2.720 0.55 704
2.721 0.94 704
2.721 0.77 704
2.727 0.88 704
2.727 0.71 704
2.728 0.64 704
2.732 0.67 704
2.732 0.46 704
2.739 0.52 704
2.746 0.79 704
2.753 0.77 704
2.753 0.70 704
2.760 0.77 704
2.766 0.66 704
2.766 0.62 704
2.773 1.12 704
2.781 0.77 704
2.781 0.60 704
2.791 0.71 704
2.791 0.61 704
2.795 0.61 704
2.796 0.95 704
2.810 0.69 704
2.810 0.52 704
2.816 0.75 704
2.818 0.90 704
2.818 0.73 704
2.829 0.90 704
2.829 0.73 704
2.836 0.80 704
2.844 0.76 704
2.844 0.59 704
2.856 0.37 704
2.856 0.57 704
2.864 0.07 704
2.864 0.11 704
2.866 0.39 704
2.866 0.30 704
2.877 0.99 704
2.877 0.74 704
2.883 0.73 704
2.888 0.78 704
2.891 0.38 1088
2.905 0.89 704
2.939 0.62 704
2.952 0.57 704
2.963 0.51 704
2.978 0.46 1088
2.979 0.51 704
2.988 0.57 704
2.988 0.55 704
2.988 0.38 704
2.998 0.56 704
3.005 0.33 704
3.014 0.29 704
3.018 0.15 704
3.019 0.56 747
3.023 0.09 704
3.025 0.18 704
3.029 0.65 704
3.029 0.61 704
3.034 0.12 704
3.059 0.36 704
3.059 0.31 704
3.066 0.30 704
3.071 0.69 704
3.071 0.60 704
3.076 0.46 704
3.080 0.35 704
3.086 0.79 704
3.086 0.72 704
3.092 0.87 704
3.098 0.74 704
3.098 0.90 704
3.098 0.12 1088
3.103 0.79 704
3.103 0.69 704
3.109 0.59 704
3.111 0.64 704
3.114 0.63 704
3.134 0.37 1088
3.143 0.25 704
3.174 0.78 704
3.193 0.85 704
3.210 0.85 704
3.218 0.66 704
3.226 0.76 704
3.237 0.76 704
3.242 0.82 704
3.265 0.58 704
3.275 0.61 704
3.278 0.65 704
3.284 0.62 704
3.291 0.07 1088
3.294 0.75 704
3.308 0.37 704
3.314 0.12 704
3.320 0.45 704
3.320 0.39 704
3.357 0.53 747
3.364 0.66 704
3.368 0.05 1088
3.378 0.65 704
3.408 0.69 704
3.410 0.54 1088
3.425 0.61 704
3.434 0.30 704
3.442 0.49 704
3.452 0.41 704
3.453 0.38 1088
3.465 0.43 704
3.467 0.52 704
3.472 0.67 704
3.481 0.86 704
3.489 0.44 704
3.503 0.73 704
3.506 0.62 704
3.520 0.78 704
3.527 0.69 704
3.545 0.29 1088
3.550 0.65 704
3.558 0.38 704
3.560 0.49 704
3.570 0.69 704
3.580 0.70 704
3.593 0.69 1088
3.605 0.79 704
3.627 0.48 704
3.635 0.38 704
3.635 0.42 1088
3.672 0.25 704
3.682 0.49 704
3.704 -0.20 704
3.723 -0.12 704
3.725 0.25 747
3.726 0.37 1088
3.742 0.38 704
3.776 0.40 704
3.798 0.46 704
3.798 0.45 704
3.798 0.45 704
3.817 -0.06 704
3.836 0.42 704
3.860 0.06 704
3.871 0.30 704
3.894 0.71 1088
3.897 0.06 704
3.918 0.49 704
3.955 0.61 1088
3.969 0.67 1088
3.979 0.38 704
3.982 0.63 1088
3.997 -0.08 704
4.004 0.30 704
4.009 0.47 1088
4.023 0.04 1088
4.051 0.39 1088
4.107 0.58 1088
4.135 0.70 1088
4.177 0.80 1088
4.190 0.84 1088
4.205 1.30 1088
4.210 0.56 704
4.218 0.27 704
4.221 0.48 704
4.221 0.39 704
4.224 -0.10 704
4.225 0.51 704
4.230 0.74 1088
4.237 0.09 704
4.240 0.47 704
4.255 0.47 1088
4.256 0.56 704
4.282 0.72 704
4.305 0.82 1088
4.312 0.54 747
4.350 0.51 704
4.358 0.46 704
4.392 0.38 1088
4.426 0.01 704
4.454 0.67 1088
4.482 0.52 1088
4.500 0.52 704
4.525 0.44 1088
4.537 0.40 704
4.543 0.42 704
4.546 0.45 704
4.546 0.49 704
4.551 0.17 704
4.556 0.23 704
4.566 0.24 704
4.566 0.44 704
4.579 0.40 704
4.586 0.03 704
4.596 0.18 704
4.606 0.13 704
4.616 0.44 704
4.616 0.44 704
4.629 0.51 704
4.630 0.12 1088
4.647 0.01 704
4.666 0.27 1088
4.678 0.56 704
4.678 0.22 704
4.709 0.36 704
4.740 0.29 704
4.740 -0.04 704
4.741 0.40 747
4.780 0.50 704
4.792 0.18 1088
4.801 0.10 704
4.829 0.37 704
4.842 0.42 1088
4.851 0.57 704
4.851 -0.02 704
4.872 0.21 704
4.877 0.20 1088
4.906 0.16 1088
4.941 0.57 704
4.950 0.72 1088
4.955 0.52 704
5.009 0.11 1088
5.014 0.44 704
5.030 0.51 704
5.052 0.24 704
5.060 0.50 1088
5.079 -0.01 704
5.090 -0.21 704
5.096 0.37 704
5.097 0.47 1088
5.102 0.31 704
5.102 0.16 704
5.135 0.53 704
5.162 0.37 704
5.172 0.35 704
5.172 0.05 704
5.187 0.61 747
5.195 0.54 704
5.258 0.45 704
5.281 0.43 704
5.303 0.11 1088
5.354 0.34 1088
5.377 0.95 704
5.391 0.16 1088
5.424 -0.14 1088
5.470 0.66 1088
5.532 0.08 1088
5.583 0.46 1088
5.613 0.28 1088
5.660 0.00 1088
5.685 0.02 1088
5.696 0.37 1088
5.703 0.65 1088
5.718 0.37 1088
5.732 -0.18 1088
5.747 -0.15 1088
5.754 0.06 1088
5.794 0.31 1088
5.813 0.57 1088
5.828 0.09 1088
5.879 0.58 1088
5.913 0.38 1088
5.938 0.22 1088
5.987 0.76 1088
6.043 0.30 1088
6.046 0.45 1088
6.053 0.15 1088
6.061 0.37 1088
6.113 -0.13 1088
6.121 0.00 1088
6.128 -0.32 1088
6.135 -0.48 1088
6.143 -0.36 1088
6.165 -0.44 1088
6.195 0.13 1088
6.247 0.02 1088
6.358 -0.11 1088
6.470 0.05 1088
6.581 0.02 1088
6.607 0.33 704
6.614 0.11 704
6.641 0.49 704
6.687 0.18 704
6.692 0.32 1088
6.830 0.68 704
6.868 0.21 704
6.881 -0.22 704
6.921 0.54 704
6.931 0.99 704
6.943 1.06 704
6.952 0.43 1088
6.954 1.20 704
6.969 0.89 704
6.995 1.05 704
7.007 0.94 704
7.040 0.27 1088
7.129 -0.24 1088
7.217 0.35 1088
7.315 0.44 1088
7.456 0.52 1088
7.535 0.71 1088
7.670 0.23 1088
7.750 0.88 1088
7.830 1.05 1088
8.017 1.11 1088
8.177 1.22 1088
8.336 0.83 1088
8.416 1.04 1088
8.443 0.87 1088
8.523 1.18 1088
8.683 1.24 1088
8.761 1.11 1088
8.839 0.91 1088
9.021 0.72 1088
9.099 1.26 1088
9.155 0.83 704
9.177 1.22 1088
9.255 0.60 1088
9.270 0.92 704
9.326 1.11 704
9.375 0.89 704
9.419 0.99 704
9.423 0.76 704
9.426 0.94 704
9.458 0.83 704
9.490 0.93 704
9.508 0.95 704
9.515 0.27 1088
9.593 0.99 1088
9.632 0.90 704
9.736 1.01 1088
9.874 0.52 1088
9.940 0.61 1088
10.037 0.97 1088
10.126 0.22 1088
10.230 0.99 1088
10.275 1.05 1088
10.319 1.14 1088
10.364 1.14 1088
10.408 1.18 1088
10.459 1.18 1088
10.509 1.24 1088
10.526 1.31 1088
10.563 0.86 1088
10.588 1.10 1088
10.614 1.01 1088
10.639 1.71 1088
10.664 1.98 1088
10.748 1.14 1088
10.773 0.59 1088
10.799 0.92 1088
10.824 0.83 1088
10.857 1.27 1088
10.883 1.31 1088
10.908 0.44 1088
10.920 1.13 1088
10.920 0.95 704
10.940 0.87 704
10.948 1.25 1088
10.976 0.79 1088
11.004 1.42 1088
11.005 0.75 747
11.078 1.15 747
11.185 1.47 747
11.229 0.61 704
11.268 1.38 747
11.302 1.08 704
11.337 1.13 747
11.370 1.16 704
11.375 0.99 747
11.438 1.44 747
11.517 1.45 747
11.628 1.33 747
11.709 1.45 747
11.816 0.89 704
11.818 1.40 747
11.890 0.43 704
11.890 0.70 704
11.894 1.20 747
12.008 1.09 747
12.013 1.30 747
12.071 0.94 747
12.161 1.14 747
12.165 1.28 747
12.222 0.93 747
12.313 0.95 747
12.318 1.28 747
12.374 0.84 747
12.413 0.76 360
12.455 0.84 360
12.524 1.29 747
12.524 1.13 747
12.688 1.04 747
12.710 1.22 747
12.960 1.08 747
13.010 1.47 747
13.255 1.33 360
13.308 1.07 360
13.352 1.01 747
13.397 1.33 360
13.477 1.20 747
13.483 1.30 747
13.522 1.73 360
13.554 1.26 747
13.624 1.87 360
13.659 1.50 747
13.663 1.73 747
13.717 1.59 360
13.723 1.73 747
13.723 1.83 747
13.878 1.23 747
13.886 1.80 747
13.922 1.32 360
13.987 1.12 747
13.987 1.16 747
14.220 1.50 747
14.220 1.50 747
14.313 1.59 747
14.317 1.80 747
14.375 1.62 747
14.439 1.38 747
14.519 1.58 747
14.523 1.46 747
14.581 1.48 747
14.659 1.57 747
14.663 1.43 747
14.712 1.52 747
14.790 1.36 747
14.843 1.70 747
14.843 1.71 747
14.867 1.48 747
14.869 1.54 747
14.929 1.10 747
15.118 1.50 747
15.126 1.62 747
15.258 1.67 747
15.496 1.89 747
15.506 1.82 747
15.651 1.81 747
15.651 1.66 747
15.806 1.65 747
15.806 1.32 747
15.844 1.63 747
15.862 1.74 747
15.883 1.80 747
15.883 1.71 747
15.940 1.64 1090
15.959 1.58 1090
15.987 1.52 747
15.992 1.36 1090
16.002 1.66 1090
16.012 1.35 1090
16.022 1.50 1090
16.052 1.78 1090
16.065 1.34 747
16.083 1.22 1090
16.088 1.75 1090
16.093 1.36 1090
16.098 1.59 1090
16.103 1.54 1090
16.109 1.65 1090
16.114 1.52 1090
16.119 1.88 1090
16.124 1.78 1090
16.129 1.92 1090
16.140 1.65 1090
16.144 2.03 1090
16.150 1.44 1090
16.171 0.98 1090
16.179 1.62 1090
16.187 1.22 1090
16.195 1.40 1090
16.204 1.45 1090
16.212 1.52 1090
16.220 1.23 1090
16.229 1.39 1090
16.245 1.28 1090
16.254 1.13 1090
16.264 1.18 1090
16.270 1.15 1090
16.278 1.73 1090
16.287 1.40 1090
16.295 1.49 1090
16.303 1.06 1090
16.312 1.23 1090
16.320 1.43 1090
16.328 0.98 1090
16.337 1.17 1090
16.345 1.30 1090
16.353 1.36 1090
16.361 1.48 1090
16.370 1.33 1090
16.378 1.48 1090
16.386 1.49 1090
16.395 1.27 1090
16.403 1.13 1090
16.411 1.25 1090
16.420 1.58 1090
16.428 1.58 1090
16.436 1.46 1090
16.444 0.76 1090
16.463 1.59 1090
16.472 1.53 1090
16.479 1.68 1090
16.488 1.62 1090
16.496 1.53 1090
16.505 1.26 1090
16.514 1.46 1090
16.522 1.25 1090
16.531 1.32 1090
16.540 1.44 1090
16.548 1.61 1090
16.557 1.36 1090
16.574 1.32 1090
16.592 1.43 1090
16.635 1.56 1090
16.643 0.80 1090
16.652 0.93 1090
16.661 1.02 1090
16.669 1.13 1090
16.678 1.24 1090
16.695 1.20 1090
16.713 1.10 1090
16.721 0.79 1090
16.730 0.90 1090
16.739 1.01 1090
16.747 1.17 1090
16.756 1.07 1090
16.765 1.18 1090
16.773 1.48 1090
16.782 1.22 1090
16.877 1.26 1090
16.882 1.45 1090
16.888 1.26 1090
16.893 1.22 1090
16.899 1.16 1090
16.904 1.05 1090
16.910 1.19 1090
16.915 1.41 1090
16.920 1.16 1090
16.926 1.12 1090
16.931 1.20 1090
16.937 1.02 1090
16.942 1.12 1090
16.947 1.27 1090
16.953 1.13 1090
16.958 1.21 1090
16.964 1.14 1090
16.969 0.94 1090
16.975 0.97 1090
16.980 1.31 1090
16.985 1.13 1090
16.991 1.22 1090
16.996 1.02 1090
17.002 1.16 1090
17.007 1.14 1090
17.013 1.25 1090
17.019 1.12 1090
17.025 1.17 1090
17.031 0.98 1090
17.037 1.27 1090
17.043 1.18 1090
17.049 1.10 1090
17.055 1.13 1090
17.061 1.16 1090
17.067 0.98 1090
17.073 1.07 1090
17.079 0.96 1090
17.085 1.02 1090
17.091 1.29 1090
17.097 1.15 1090
17.103 1.36 1090
17.109 1.03 1090
17.115 1.22 1090
17.127 1.16 1090
17.133 1.22 1090
17.139 1.17 1090
17.145 1.15 1090
17.151 1.07 1090
17.157 1.22 1090
17.163 1.01 1090
17.169 1.04 1090
17.175 1.11 1090
17.181 0.99 1090
17.187 0.98 1090
17.193 1.11 1090
17.199 0.93 1090
17.205 1.25 1090
17.211 1.13 1090
17.217 1.14 1090
17.223 1.06 1090
17.229 1.39 1090
17.234 1.29 1090
17.240 1.10 1090
17.245 1.35 1090
17.251 1.16 1090
17.256 1.21 1090
17.261 1.16 1090
17.267 1.23 1090
17.272 1.30 1090
17.278 1.11 1090
17.283 1.33 1090
17.288 1.06 1090
17.294 1.16 1090
17.299 1.09 1090
17.305 0.91 1090
17.310 0.85 1090
17.316 1.18 1090
17.321 1.06 1090
17.326 0.97 1090
17.332 1.05 1090
17.337 0.89 1090
17.343 0.91 1090
17.348 0.85 1090
17.353 1.14 1090
17.363 0.80 1090
17.373 1.22 1090
17.403 1.48 1090
17.413 1.15 1090
17.423 1.01 1090
17.433 1.08 1090
17.443 0.95 1090
17.453 0.83 1090
17.460 0.64 1090
17.486 1.06 1090
17.493 0.73 1090
17.499 0.98 1090
17.506 0.94 1090
17.512 1.05 1090
17.519 0.85 1090
17.525 0.83 1090
17.532 0.79 1090
17.538 0.77 1090
17.545 0.78 1090
17.550 0.97 1090
17.554 0.64 1090
17.558 0.66 1090
17.561 0.76 1090
17.567 0.62 1090
17.571 0.72 1090
17.575 0.66 1090
17.579 0.89 1090
17.582 1.04 1090
17.583 0.84 1090
17.597 0.79 1090
17.612 0.98 1090
17.626 0.98 1090
17.641 1.22 1090
17.658 0.70 1090
17.664 0.92 1090
17.672 0.93 1090
17.680 1.11 1090
17.688 0.87 1090
17.696 0.95 1090
17.704 0.88 1090
17.712 1.07 1090
17.720 0.74 1090
17.728 0.98 1090
17.737 0.88 1090
17.744 0.86 1090
17.752 0.89 1090
17.760 0.94 1090
17.767 1.00 1090
17.775 0.79 1090
17.783 1.19 1090
17.790 1.04 1090
17.797 1.00 1090
17.805 0.93 1090
17.812 0.81 1090
17.819 1.00 1090
17.827 1.02 1090
17.833 0.93 1090
17.839 1.04 1090
17.845 1.13 1090
17.852 0.96 1090
17.858 0.77 1090
17.864 0.73 1090
17.871 1.06 1090
17.877 0.90 1090
17.884 0.88 1090
17.891 1.05 1090
17.897 0.89 1090
17.904 0.72 1090
17.911 0.79 1090
17.917 0.71 1090
17.924 0.79 1090
17.931 0.82 1090
17.937 0.70 1090
17.944 0.49 1090
17.948 0.58 1090
17.952 0.60 1090
17.957 0.73 1090
17.961 0.66 1090
17.965 0.76 1090
17.970 0.77 1090
17.974 0.89 1090
17.978 0.62 1090
17.982 0.67 1090
17.987 1.04 1090
17.991 0.62 1090
17.995 0.97 1090
18.000 1.00 1090
18.005 0.80 1090
18.011 0.82 1090
18.017 0.62 1090
18.023 0.50 1090
18.029 0.57 1090
18.033 0.60 1090
18.035 0.72 1090
18.042 0.67 1090
18.046 0.74 1090
18.048 0.52 1090
18.053 0.49 1090
18.059 0.47 1090
18.065 0.42 1090
18.078 0.42 1090
18.084 0.45 1090
18.089 0.41 1090
18.095 0.47 1090
18.102 0.56 1090
18.108 0.86 1090
18.114 0.99 1090
18.120 1.03 1090
18.124 0.93 1090
18.129 0.84 1090
18.135 0.90 1090
18.140 0.94 1090
18.144 0.74 1090
18.149 0.94 1090
18.155 0.77 1090
18.160 0.86 1090
18.165 0.94 1090
18.170 0.73 1090
18.174 0.66 1090
18.179 0.82 1090
18.185 0.75 1090
18.190 0.48 1090
18.194 0.78 1090
18.199 0.57 1090
18.205 0.90 1090
18.210 0.86 1090
18.215 0.75 1090
18.220 0.73 1090
18.224 0.65 1090
18.227 0.67 1090
18.231 0.94 1090
18.234 0.95 1090
18.237 1.04 1090
18.240 1.09 1090
18.243 1.01 1090
18.247 0.73 1090
18.250 0.98 1090
18.253 1.20 1090
18.256 0.81 1090
18.259 0.95 1090
18.262 0.79 1090
18.265 0.59 1090
18.272 1.03 1090
18.280 0.83 1090
18.289 0.79 1090
18.297 0.80 1090
18.305 0.73 1090
18.313 0.56 1090
18.319 0.52 1090
18.327 1.02 1090
18.332 0.69 1090
18.336 0.60 1090
18.339 0.69 1090
18.343 0.71 1090
18.348 0.64 1090
18.352 0.83 1090
18.356 0.80 1090
18.361 0.74 1090
18.364 0.76 1090
18.368 0.91 1090
18.372 0.71 1090
18.375 0.81 1090
18.378 0.80 1090
18.381 0.67 1090
18.385 0.72 1090
18.388 0.65 1090
18.392 0.88 1090
18.395 0.63 1090
18.398 0.58 1090
18.401 0.71 1090
18.405 0.61 1090
18.411 0.70 1090
18.419 0.59 1090
18.422 0.95 1090
18.426 0.65 1090
18.429 0.44 1090
18.432 0.38 1090
18.435 0.43 1090
18.438 0.80 1090
18.441 1.10 1090
18.444 1.03 1090
18.447 1.01 1090
18.450 0.91 1090
18.456 0.63 1090
18.464 0.91 1090
18.473 1.22 1090
18.483 0.96 1090
18.492 1.23 1090
18.502 1.00 1090
18.507 0.89 1090
18.512 0.64 1090
18.520 0.91 1090
18.524 0.83 1090
18.527 0.88 1090
18.531 0.86 1090
18.536 0.85 1090
18.540 1.05 1090
18.543 0.70 1090
18.547 0.59 1090
18.552 0.58 1090
18.559 1.07 1090
18.565 0.90 1090
18.571 1.19 1090
18.576 0.84 1090
18.582 0.82 1090
18.589 1.02 1090
18.595 0.60 1090
18.599 0.96 1090
18.603 0.92 1090
18.609 0.86 1090
18.613 0.81 1090
18.619 1.13 1090
18.622 0.93 1090
18.626 0.63 1090
18.630 0.69 1090
18.632 0.86 1090
18.635 0.64 1090
18.639 0.76 1090
18.644 0.62 1090
18.649 0.76 1090
18.653 0.49 1090
18.662 0.85 1090
18.667 0.58 1090
18.671 0.57 1090
18.676 1.09 1090
18.680 0.83 1090
18.685 1.14 1090
18.689 0.96 1090
18.694 0.83 1090
18.699 0.93 1090
18.703 0.80 1090
18.708 0.78 1090
18.712 0.62 1090
18.715 0.96 1090
18.718 0.97 1090
18.720 1.19 1090
18.723 0.75 1090
18.726 0.80 1090
18.729 1.09 1090
18.732 0.93 1090
18.734 1.18 1090
18.737 0.82 1090
18.743 0.70 1090
18.745 0.77 1090
18.748 0.99 1090
18.751 0.59 1090
18.755 0.64 1090
18.758 0.82 1090
18.762 1.28 1090
18.765 0.81 1090
18.769 1.15 1090
18.772 1.03 1090
18.776 0.84 1090
18.780 0.75 1090
18.783 0.64 1090
18.790 0.84 1090
18.794 0.79 1090
18.797 0.74 1090
18.801 0.81 1090
18.804 1.23 1090
18.808 1.16 1090
18.812 1.27 1090
18.815 0.88 1090
18.819 0.75 1090
18.822 0.87 1090
18.826 0.63 1090
18.829 0.59 1090
18.833 0.81 1090
18.836 1.02 1090
18.840 1.02 1090
18.843 0.68 1090
18.846 0.70 1090
18.850 0.78 1090
18.853 0.62 1090
18.860 0.54 1090
18.864 0.76 1090
18.868 0.59 1090
18.870 1.00 1090
18.881 0.88 1090
18.891 0.90 1090
18.902 0.90 1090
18.912 0.71 1090
18.917 0.75 1090
18.921 0.95 1090
18.925 0.79 1090
18.930 0.99 1090
18.935 0.97 1090
18.938 0.90 1090
18.942 1.17 1090
18.946 0.95 1090
18.949 0.84 1090
18.953 0.72 1090
18.957 0.92 1090
18.961 0.76 1090
18.965 0.85 1090
18.969 1.11 1090
18.973 0.85 1090
18.977 0.87 1090
18.981 0.72 1090
18.986 0.95 1090
18.990 1.09 1090
18.994 0.83 1090
18.999 1.03 1090
19.003 0.87 1090
19.007 0.98 1090
19.012 1.17 1090
19.016 1.14 1090
19.020 1.14 1090
19.024 1.10 1090
19.028 1.26 1090
19.032 1.13 1090
19.037 1.22 1090
19.041 1.10 1090
19.049 1.03 1090
19.058 1.03 1090
19.067 1.09 1090
19.075 1.05 1090
19.084 1.03 1090
19.093 1.18 1090
19.101 1.24 1090
19.110 0.76 1090
19.117 1.17 1090
19.124 1.18 1090
19.131 1.06 1090
19.138 1.12 1090
19.145 1.25 1090
19.152 1.18 1090
19.157 0.95 1090
19.170 1.02 1090
19.184 0.94 1090
19.188 0.77 1090
19.192 1.15 1090
19.197 0.64 1090
19.201 1.00 1090
19.206 0.86 1090
19.211 1.26 1090
19.215 0.85 1090
19.220 0.65 1090
19.226 0.87 1090
19.231 0.87 1090
19.234 0.81 1090
19.239 0.70 1090
19.244 0.54 1090
19.250 0.88 1090
19.272 0.58 1090
19.277 0.77 1090
19.298 1.02 1090
19.309 1.14 1090
19.312 1.32 1090
19.315 1.12 1090
19.318 1.30 1090
19.321 1.19 1090
19.335 1.04 1090
19.338 0.93 1090
19.342 1.31 1090
19.346 0.83 1090
19.354 0.98 1090
19.358 1.43 1090
19.362 1.28 1090
19.365 1.27 1090
19.368 1.00 1090
19.371 0.93 1090
19.373 1.04 1090
19.376 0.76 1090
19.379 0.86 1090
19.382 0.95 1090
19.385 0.71 1090
19.388 0.48 1090
19.392 0.84 1090
19.396 0.81 1090
19.400 0.57 1090
19.404 0.74 1090
19.408 0.63 1090
19.412 0.86 1090
19.416 0.91 1090
19.421 0.85 1090
19.425 0.81 1090
19.428 0.68 1090
19.434 0.76 1090
19.451 1.01 1090
19.457 1.11 1090
19.463 0.52 1090
19.470 0.91 1090
19.476 0.80 1090
19.481 0.74 1090
19.486 1.06 1090
19.503 0.71 1090
19.516 0.58 1090
19.521 0.51 1090
19.527 0.59 1090
19.533 0.57 1090
19.538 0.48 1090
19.556 0.29 1090
19.568 0.54 1090
19.574 0.70 1090
19.579 0.68 1090
19.585 1.02 1090
19.597 0.62 1090
19.603 0.70 1090
19.609 0.87 1090
19.615 0.78 1090
19.620 0.69 1090
19.626 0.57 1090
19.633 0.21 1090
19.636 0.73 1090
19.641 0.77 1090
19.645 0.77 1090
19.649 0.95 1090
19.653 0.47 1090
19.657 0.52 1090
19.661 0.87 1090
19.665 0.56 1090
19.669 0.77 1090
19.673 0.83 1090
19.676 0.83 1090
19.680 1.01 1090
19.684 1.11 1090
19.688 0.91 1090
19.691 0.97 1090
19.698 1.16 1090
19.702 0.99 1090
19.706 0.83 1090
19.710 0.89 1090
19.713 0.91 1090
19.717 0.80 1090
19.721 0.80 1090
19.724 0.76 1090
19.728 0.87 1090
19.732 0.83 1090
19.736 0.85 1090
19.741 0.76 1090
19.746 0.97 1090
19.751 0.80 1090
19.755 0.84 1090
19.759 0.75 1090
19.764 0.70 1090
19.769 0.84 1090
19.773 0.75 1090
19.778 0.88 1090
19.782 0.82 1090
19.787 0.90 1090
19.792 0.58 1090
19.800 0.39 1090
19.807 0.34 1090
19.811 0.50 1090
19.814 0.49 1090
19.818 1.01 1090
19.821 0.91 1090
19.828 0.75 1090
19.832 0.67 1090
19.835 0.51 1090
19.839 0.77 1090
19.846 0.77 1090
19.850 0.91 1090
19.853 0.94 1090
19.860 0.82 1090
19.867 0.90 1090
19.874 0.41 1090
19.883 0.96 1090
19.888 0.69 1090
19.896 0.81 1090
19.903 0.57 1090
19.910 0.55 1090
19.917 0.36 1090
19.920 0.54 1090
19.924 0.62 1090
19.928 0.35 1090
19.931 0.78 1090
19.935 0.37 1090
19.939 0.75 1090
19.942 0.50 1090
19.946 0.55 1090
19.950 0.51 1090
19.953 0.52 1090
19.957 0.39 1090
19.961 0.26 1090
19.964 0.63 1090
19.968 0.52 1090
19.975 0.56 1090
19.979 0.44 1090
19.982 0.51 1090
19.986 0.54 1090
19.990 0.34 1090
19.997 0.39 1090
20.002 0.09 1090
20.003 0.52 1090
20.008 0.31 1090
20.013 0.55 1090
20.017 0.25 1090
20.022 0.40 1090
20.028 0.12 1090
20.038 0.77 1090
20.044 0.92 1090
20.048 0.76 1090
20.053 0.53 1090
20.059 0.86 1090
20.064 0.64 1090
20.068 0.40 1090
20.073 0.46 1090
20.081 0.84 1090
20.084 0.79 1090
20.087 0.63 1090
20.090 0.83 1090
20.093 0.62 1090
20.096 0.52 1090
20.099 0.47 1090
20.101 0.77 1090
20.104 0.69 1090
20.107 0.73 1090
20.110 0.52 1090
20.114 0.82 1090
20.126 0.28 1090
20.131 0.43 1090
20.134 0.86 1090
20.139 0.67 1090
20.143 0.52 1090
20.148 0.46 1090
20.152 0.56 1090
20.158 0.73 1090
20.162 0.60 1090
20.165 0.46 1090
20.168 0.46 1090
20.176 0.67 1090
20.179 0.85 1090
20.183 0.76 1090
20.187 0.85 1090
20.191 0.96 1090
20.196 0.80 1090
20.199 0.66 1090
20.202 0.63 1090
20.206 0.62 1090
20.210 0.75 1090
20.214 0.75 1090
20.217 0.85 1090
20.227 0.56 1090
20.236 0.50 1090
20.245 0.63 1090
20.254 0.86 1090
20.262 0.84 1090
20.269 0.87 1090
20.280 0.77 1090
20.285 0.70 1090
20.290 0.50 1090
20.294 0.60 1090
20.299 0.90 1090
20.310 0.39 1090
20.315 0.90 1090
20.320 0.76 1090
20.325 0.81 1090
20.330 0.59 1090
20.336 0.81 1090
20.339 0.51 1090
20.340 0.48 1090
20.346 0.72 1090
20.350 0.64 1090
20.353 0.57 1090
20.357 0.55 1090
20.361 0.52 1090
20.368 0.46 1090
20.382 0.66 1090
20.391 0.22 1090
20.397 0.20 1090
20.404 0.59 1090
20.410 0.63 1090
20.417 0.74 1090
20.425 0.54 1090
20.433 0.31 1090
20.440 0.50 1090
20.456 0.67 1090
20.465 0.89 1090
20.472 0.67 1090
20.480 0.60 1090
20.487 0.32 1090
20.495 0.87 1090
20.503 0.66 1090
20.511 1.02 1090
20.519 0.23 1090
20.525 0.93 1090
20.532 0.75 1090
20.539 0.86 1090
20.544 0.42 1090
20.551 0.89 1090
20.557 0.86 1090
20.565 0.96 1090
20.570 1.11 1090
20.576 1.10 1090
20.583 1.09 1090
20.589 0.63 1090
20.602 0.13 1090
20.607 0.70 1090
20.612 0.47 1090
20.617 0.41 1090
20.622 0.25 1090
20.627 0.81 1090
20.633 0.90 1090
20.638 0.92 1090
20.648 1.02 1090
20.655 1.10 1090
20.660 1.12 1090
20.667 1.16 1090
20.673 1.01 1090
20.679 0.99 1090
20.692 1.02 1090
20.705 0.74 1090
20.720 0.27 1090
20.730 0.63 1090
20.736 0.76 1090
20.743 0.58 1090
20.749 0.94 1090
20.755 0.66 1090
20.762 0.66 1090
20.768 0.55 1090
20.771 0.79 1090
20.775 0.78 1090
20.783 0.82 1090
20.790 0.69 1090
20.799 0.73 1090
20.805 0.55 1090
20.814 0.31 1090
20.820 0.70 1090
20.827 0.27 1090
20.835 0.87 1090
20.843 0.94 1090
20.851 0.33 1090
20.856 0.60 1090
20.869 0.37 1090
20.881 0.68 1090
20.892 0.25 1090
20.899 0.43 1090
20.905 0.59 1090
20.911 0.88 1090
20.915 0.53 1090
20.921 0.39 1090
20.926 0.58 1090
20.944 0.61 1090
20.949 1.18 1090
20.955 0.93 1090
20.966 0.54 1090
20.988 0.90 1090
21.001 0.38 1090
21.011 0.61 1090
21.019 0.78 1090
21.032 1.23 1090
21.041 0.76 1090
21.050 0.44 1090
21.058 0.86 1090
21.086 0.91 1090
21.106 1.57 1090
21.116 1.06 1090
21.125 0.79 1090
21.135 1.42 1090
21.139 0.68 1090
21.144 0.70 1090
21.149 0.74 1090
21.159 0.98 1090
21.169 0.77 1090
21.173 1.04 1090
21.203 0.48 1090
21.208 1.12 1090
21.213 0.55 1090
21.221 0.53 1090
21.232 0.90 1090
21.237 0.86 1090
21.242 0.91 1090
21.246 0.48 1090
21.357 0.57 1090
21.362 0.16 1090
21.373 0.65 1090
21.379 0.63 1090
21.383 0.68 1090
21.396 0.65 1090
21.402 0.65 1090
21.408 0.83 1090
21.414 0.93 1090
21.425 1.10 1090
21.430 0.76 1090
21.434 0.96 1090
21.438 0.72 1090
21.446 0.63 1090
21.451 0.54 1090
21.456 0.72 1090
21.464 0.79 1090
21.468 0.61 1090
21.473 0.49 1090
21.482 0.58 1090
21.490 0.13 1090
21.500 0.50 1090
21.517 1.16 1090
21.521 0.75 1090
21.526 0.71 1090
21.530 0.03 1090
21.535 0.98 1090
21.539 0.70 1090
21.554 0.66 1090
21.559 0.50 1090
21.563 0.49 1090
21.568 0.41 1090
21.573 0.63 1090
21.578 0.51 1090
21.582 0.81 1090
21.587 0.19 1090
21.593 0.45 1090
21.598 0.31 1090
21.601 0.63 1090
21.606 0.29 1090
21.609 0.47 1090
21.616 0.70 1090
21.619 0.53 1090
21.623 0.39 1090
21.627 0.47 1090
21.630 0.30 1090
21.635 0.25 1090
21.638 0.51 1090
21.641 0.61 1090
21.645 0.33 1090
21.650 0.79 1090
21.656 0.36 1090
21.661 0.47 1090
21.666 0.61 1090
21.704 0.81 1090
21.709 0.63 1090
21.714 0.65 1090
21.720 0.42 1090
21.725 0.96 1090
21.730 0.60 1090
21.748 0.89 1090
21.753 0.32 1090
21.761 0.80 1090
21.765 0.52 1090
21.782 0.77 1090
21.786 0.95 1090
21.790 0.61 1090
21.795 1.35 1090
21.799 1.22 1090
21.803 1.24 1090
21.879 1.42 1090
21.883 1.25 1090
21.892 0.93 1090
21.896 0.97 1090
21.901 1.06 1090
21.913 1.67 1090
21.918 0.99 1090
21.922 0.83 1090
21.930 0.79 1090
21.934 0.80 1090
21.938 1.54 1090
21.941 0.95 1090
21.945 1.13 1090
21.949 0.84 1090
21.953 1.36 1090
21.956 1.27 1090
21.960 0.90 1090
21.963 0.72 1090
21.968 1.26 1090
21.971 1.02 1090
21.975 0.75 1090
21.979 0.95 1090
21.987 1.04 1090
21.990 1.50 1090
21.994 1.21 1090
22.002 0.47 1090
22.006 0.43 1090
22.011 1.36 1090
22.023 0.86 1090
22.028 0.97 1090
22.033 1.43 1090
22.044 0.58 1090
22.058 1.38 1090
22.093 0.46 1090
22.109 0.61 1090
22.122 0.47 1090
22.127 1.30 1090
22.132 0.53 1090
22.140 0.81 1090
22.144 1.31 1090
22.149 1.04 1090
22.152 1.12 1090
22.208 1.10 1090
22.215 1.34 1090
22.223 1.95 1090
22.226 1.28 1090
22.242 1.63 1090
22.244 1.78 1090
22.249 1.51 1090
22.253 1.41 1090
22.257 1.67 1090
22.259 1.29 1090
22.264 1.36 1090
22.268 1.14 1090
22.271 1.51 1090
22.275 1.40 1090
22.279 1.59 1090
22.282 1.35 1090
22.286 1.48 1090
22.290 1.29 1090
22.294 1.52 1090
22.298 1.04 1090
22.301 1.30 1090
22.305 1.04 1090
22.309 0.75 1090
22.313 1.35 1090
22.316 1.57 1090
22.319 1.36 1090
22.324 1.11 1090
22.328 0.92 1090
22.334 1.06 1090
22.340 1.63 1090
22.346 1.20 1090
22.352 1.45 1090
22.359 0.99 1090
22.365 1.11 1090
22.371 1.21 1090
22.376 1.30 1090
22.380 1.38 1090
22.385 1.31 1090
22.389 1.42 1090
22.392 1.07 1090
22.396 1.11 1090
22.404 1.07 1090
22.408 1.45 1090
22.412 1.13 1090
22.417 1.18 1090
22.420 1.25 1090
22.426 1.18 1090
22.428 1.34 1090
22.431 1.28 1090
22.434 1.30 1090
22.437 1.26 1090
22.440 1.41 1090
22.445 1.16 1090
22.448 1.42 1090
22.451 1.18 1090
22.454 1.49 1090
22.457 1.42 1090
22.459 1.32 1090
22.462 1.46 1090
22.465 1.18 1090
22.468 1.55 1090
22.471 1.36 1090
22.473 0.98 1090
22.476 1.24 1090
22.482 1.30 1090
22.485 1.30 1090
22.488 1.07 1090
22.490 1.23 1090
22.493 0.88 1090
22.497 1.24 1090
22.501 1.25 1090
22.505 1.04 1090
22.509 1.35 1090
22.513 1.32 1090
22.516 1.04 1090
22.520 1.53 1090
22.524 1.64 1090
22.528 1.65 1090
22.532 1.14 1090
22.535 1.43 1090
22.538 1.05 1090
22.541 1.19 1090
22.543 1.38 1090
22.546 0.99 1090
22.549 1.26 1090
22.552 1.05 1090
22.555 1.22 1090
22.557 1.05 1090
22.560 1.13 1090
22.562 1.44 1090
22.565 1.46 1090
22.567 1.38 1090
22.570 1.47 1090
22.572 1.46 1090
22.575 1.46 1090
22.577 1.41 1090
22.580 1.28 1090
22.582 1.21 1090
22.585 1.14 1090
22.587 1.02 1090
22.589 1.07 1090
22.592 1.01 1090
22.594 1.18 1090
22.597 1.22 1090
22.599 1.31 1090
22.602 1.32 1090
22.605 1.40 1090
22.607 1.29 1090
22.610 1.35 1090
22.613 1.14 1090
22.615 1.09 1090
22.617 1.00 1090
22.623 1.12 1090
22.626 1.28 1090
22.628 1.36 1090
22.630 1.40 1090
22.634 1.25 1090
22.636 1.02 1090
22.639 0.92 1090
22.641 1.22 1090
22.643 1.19 1090
22.647 1.17 1090
22.649 1.27 1090
22.653 1.21 1090
22.656 1.20 1090
22.660 1.18 1090
22.663 1.40 1090
22.667 1.17 1090
22.670 1.21 1090
22.674 1.19 1090
22.677 1.01 1090
22.681 0.92 1090
22.684 1.61 1090
22.688 1.14 1090
22.691 1.16 1090
22.698 1.14 1090
22.701 1.24 1090
22.704 1.25 1090
22.706 0.92 1090
22.708 1.11 1090
22.712 1.06 1090
22.714 0.72 1090
22.717 0.80 1090
22.719 1.06 1090
22.722 0.80 1090
22.725 1.26 1090
22.727 1.08 1090
22.730 1.12 1090
22.733 0.87 1090
22.735 1.07 1090
22.739 1.33 1090
22.742 1.32 1090
22.745 0.65 1090
22.748 0.93 1090
22.751 0.96 1090
22.755 1.09 1090
22.758 1.14 1090
22.761 1.02 1090
22.764 1.14 1090
22.767 1.17 1090
22.770 1.20 1090
22.773 1.06 1090
22.775 1.16 1090
22.777 1.01 1090
22.779 0.93 1090
22.782 1.07 1090
22.784 0.83 1090
22.787 0.73 1090
22.789 0.79 1090
22.791 1.04 1090
22.793 0.57 1090
22.795 1.32 1090
22.798 1.11 1090
22.800 1.18 1090
22.802 1.22 1090
22.804 1.33 1090
22.807 1.04 1090
22.809 1.04 1090
22.813 0.58 1090
22.815 0.75 1090
22.822 1.26 1090
22.828 0.77 1090
22.835 1.15 1090
22.841 1.29 1090
22.848 1.13 1090
22.854 1.35 1090
22.860 1.20 1090
22.867 1.01 1090
22.868 1.18 1090
22.871 1.06 1090
22.873 1.05 1090
22.875 1.11 1090
22.877 1.04 1090
22.879 0.85 1090
22.882 0.79 1090
22.884 0.84 1090
22.886 0.64 1090
22.888 1.13 1090
22.890 1.13 1090
22.892 1.37 1090
22.894 1.10 1090
22.897 1.30 1090
22.901 0.97 1090
22.903 1.35 1090
22.904 1.53 1090
22.908 1.25 1090
22.912 1.12 1090
22.914 1.47 1090
22.918 1.03 1090
22.924 1.54 1090
22.928 1.66 1090
22.931 1.06 1090
22.934 1.17 1090
22.937 1.19 1090
22.940 1.48 1090
22.944 1.50 1090
22.947 1.58 1090
22.950 1.54 1090
22.953 1.48 1090
22.956 1.50 1090
22.960 1.60 1090
22.963 1.24 1090
22.966 1.33 1090
22.969 1.49 1090
22.972 1.50 1090
22.976 1.41 1090
22.979 1.53 1090
22.985 1.30 1090
22.988 1.53 1090
22.991 1.47 1090
22.995 1.38 1090
22.998 1.25 1090
23.001 1.34 1090
23.004 1.13 1090
23.007 1.47 1090
23.011 1.43 1090
23.014 1.00 1090
23.023 0.91 1090
23.027 1.39 1090
23.030 1.33 1090
23.033 1.33 1090
23.039 1.35 1090
23.046 0.78 1090
23.050 1.50 1090
23.053 1.26 1090
23.056 1.25 1090
23.060 1.03 1090
23.063 1.40 1090
23.066 1.45 1090
23.070 0.99 1090
23.073 1.34 1090
23.076 1.79 1090
23.080 1.25 1090
23.086 1.13 1090
23.090 1.22 1090
23.093 1.29 1090
23.096 1.13 1090
23.100 1.14 1090
23.103 1.07 1090
23.106 1.08 1090
23.110 1.17 1090
23.113 1.16 1090
23.116 1.36 1090
23.120 1.02 1090
23.123 1.51 1090
23.125 1.34 1090
23.130 0.88 1090
23.132 1.46 1090
23.137 0.62 1090
23.139 0.96 1090
23.142 1.33 1090
23.144 1.03 1090
23.146 0.68 1090
23.149 0.64 1090
23.151 1.07 1090
23.156 1.17 1090
23.158 0.93 1090
23.160 1.11 1090
23.163 0.94 1090
23.167 0.63 1090
23.170 0.77 1090
23.174 0.96 1090
23.177 1.23 1090
23.179 0.94 1090
23.184 0.87 1090
23.186 0.83 1090
23.188 0.88 1090
23.190 0.70 1090
23.193 1.22 1090
23.195 0.78 1090
23.197 0.99 1090
23.200 1.47 1090
23.202 1.08 1090
23.204 1.12 1090
23.207 1.06 1090
23.209 0.89 1090
23.211 1.03 1090
23.216 1.22 1090
23.217 1.15 1090
23.221 0.63 1090
23.223 1.11 1090
23.225 0.66 1090
23.227 1.23 1090
23.230 0.67 1090
23.231 0.78 1090
23.234 0.92 1090
23.236 0.72 1090
23.239 0.76 1090
23.241 0.70 1090
23.243 0.85 1090
23.245 0.57 1090
23.248 0.67 1090
23.250 0.63 1090
23.252 0.36 1090
23.255 0.93 1090
23.259 0.41 1090
23.262 0.53 1090
23.265 0.65 1090
23.268 0.88 1090
23.271 0.66 1090
23.275 0.63 1090
23.278 0.51 1090
23.281 0.56 1090
23.284 0.72 1090
23.288 0.61 1090
23.291 0.74 1090
23.294 0.47 1090
23.297 0.63 1090
23.301 0.83 1090
23.304 0.71 1090
23.307 0.73 1090
23.310 0.81 1090
23.314 0.73 1090
23.317 0.78 1090
23.320 0.85 1090
23.323 0.74 1090
23.325 0.61 1090
23.328 0.94 1090
23.330 0.73 1090
23.333 0.80 1090
23.335 0.82 1090
23.338 0.70 1090
23.341 0.46 1090
23.343 0.64 1090
23.346 0.80 1090
23.348 0.52 1090
23.351 0.92 1090
23.353 0.70 1090
23.356 0.85 1090
23.358 0.57 1090
23.361 0.63 1090
23.363 0.46 1090
23.366 0.99 1090
23.369 0.79 1090
23.371 0.79 1090
23.374 0.84 1090
23.376 0.65 1090
23.379 0.75 1090
23.382 0.56 1090
23.385 0.96 1090
23.388 1.00 1090
23.391 0.91 1090
23.394 1.10 1090
23.397 1.02 1090
